ID,0,1,2,3,4,5,6,7,8,9,10
2018-01559,1,0,1,0,1,0,1,0,0,1,0
2018-03739,1,0,0,1,0,0,0,0,1,0,0
2018-00385,1,1,1,0,1,0,0,0,1,1,0
2018-03001,0,1,0,1,1,0,0,1,1,0,0
2018-01988,1,0,1,1,1,0,1,0,1,1,0
2018-03463,1,1,1,0,0,0,1,0,1,0,0
2018-04315,1,1,1,0,1,0,1,0,1,0,0
2018-01426,1,1,1,0,1,0,1,0,1,0,0
2018-03332,1,1,0,0,1,1,1,0,1,1,1
2018-01938,1,0,1,1,1,1,1,1,1,0,0
2018-00264,1,1,1,0,1,1,1,0,0,0,0
2018-00840,1,1,1,0,1,0,1,0,1,0,0
2018-01343,0,1,0,1,1,1,1,0,0,0,1
2018-03467,1,1,0,0,1,1,1,0,1,0,0
2018-01203,0,1,1,1,1,0,1,0,1,0,1
2018-02225,0,0,1,0,1,0,1,0,0,0,0
2018-00375,1,1,0,0,1,0,1,0,0,0,0
2018-03838,0,1,1,0,1,0,1,0,1,0,0
2018-01077,1,1,1,1,1,1,0,0,1,0,0
2018-01569,0,1,1,1,1,1,1,1,1,0,0
2018-02679,1,1,1,0,1,1,1,1,0,1,0
2018-01476,1,1,1,0,1,0,1,1,0,0,0
2018-03943,0,1,1,0,1,0,1,1,0,1,0
2018-04100,0,1,1,1,1,1,1,1,0,0,0
2018-01586,1,0,1,0,1,0,1,0,0,1,0
2018-02990,1,0,1,0,1,0,0,1,1,0,0
2018-00590,0,1,1,0,1,0,1,0,0,0,0
2018-01227,1,0,0,0,1,1,1,1,0,1,0
2018-03682,1,1,1,1,1,1,0,0,1,1,0
2018-03354,1,1,1,0,1,1,1,0,1,0,0
2018-02069,0,1,1,0,1,1,1,0,1,0,0
2018-02758,1,0,1,0,0,1,1,1,1,0,0
2018-02674,1,0,1,1,0,0,1,0,1,0,0
2018-03424,1,1,1,0,0,0,1,0,1,0,0
2018-02888,1,1,1,0,0,0,1,0,1,0,0
2018-01891,1,0,0,0,1,1,1,0,1,0,0
2018-04132,1,1,1,0,0,0,1,0,1,0,0
2018-02625,0,1,1,0,1,0,1,1,1,1,0
2018-01873,1,1,0,0,1,0,1,1,1,0,0
2018-03748,1,0,1,0,1,0,1,0,1,0,0
2018-00390,1,1,1,1,0,1,0,1,1,0,1
2018-00486,1,0,1,0,1,0,1,0,1,1,0
2018-01361,1,0,1,0,1,0,0,1,0,0,0
2018-01149,1,1,1,1,1,0,1,0,1,0,0
2018-01459,0,0,1,1,1,1,1,1,1,0,0
2018-00647,1,1,1,0,1,0,1,1,1,0,0
2018-03390,1,0,1,0,1,0,1,1,0,0,1
2018-01905,1,1,1,0,0,0,0,0,1,0,0
2018-01090,1,1,1,1,1,1,1,0,1,0,0
2018-03437,0,0,1,0,1,0,1,1,1,0,0
2018-03213,0,1,1,1,1,0,1,0,1,0,0
2018-00272,0,1,1,1,1,0,1,1,1,1,1
2018-02363,1,0,1,1,1,0,1,0,0,0,0
2018-03815,0,1,1,1,1,1,1,0,1,0,0
2018-03195,1,0,1,0,1,0,1,1,0,0,0
2018-03940,0,1,1,1,1,1,1,0,0,0,0
2018-02582,1,0,1,1,1,0,1,0,1,0,1
2018-00425,1,0,1,0,1,1,1,1,1,0,0
2018-02433,1,1,1,0,1,0,1,0,1,0,0
2018-04040,0,0,1,1,1,0,1,1,1,1,0
2018-00240,0,1,1,1,1,1,1,1,1,0,1
2018-04057,1,1,1,0,1,0,1,1,0,0,0
2018-02756,1,1,1,1,0,0,0,1,1,0,0
2018-01925,0,1,0,0,1,1,1,1,0,0,0
2018-00445,1,1,1,1,1,1,0,1,1,0,0
2018-00461,0,0,1,1,1,0,1,1,1,0,0
2018-00335,1,1,1,1,1,1,1,0,1,1,0
2018-02851,1,1,1,1,1,0,1,0,0,0,0
2018-03167,1,1,1,0,1,0,1,0,1,0,0
2018-03524,1,0,1,1,1,0,1,0,0,0,0
2018-00626,1,0,1,1,1,0,1,0,1,0,0
2018-03204,1,1,1,0,1,0,1,0,1,0,0
2018-00392,1,0,1,0,1,0,1,0,1,0,0
2018-00812,1,0,1,1,1,0,0,0,1,0,0
2018-02183,0,1,1,1,1,1,0,0,1,0,0
2018-02476,1,0,1,0,1,1,0,1,0,1,0
2018-02541,1,1,1,0,1,0,1,0,0,0,0
2018-00963,1,1,1,1,1,0,1,0,1,0,0
2018-00838,1,1,1,0,1,0,1,0,0,0,0
2018-02629,1,0,1,0,1,1,0,0,1,0,0
2018-01366,1,0,1,1,1,0,0,1,1,0,0
2018-01753,1,1,1,0,1,0,1,0,0,0,1
2018-01251,1,1,1,1,1,1,1,1,0,0,0
2018-00768,1,1,1,1,1,1,1,1,1,0,0
2018-04006,1,0,1,1,1,0,1,1,1,0,0
2018-04336,1,0,1,0,1,1,1,1,1,0,0
2018-03885,0,1,1,1,1,1,0,1,0,0,0
2018-02867,1,1,0,1,1,1,1,0,1,0,0
2018-02989,1,1,0,0,1,1,1,0,1,0,1
2018-01750,1,1,1,0,1,1,1,1,1,1,0
2018-00675,0,0,1,1,1,0,1,0,0,0,0
2018-03771,1,0,1,0,1,0,1,0,1,0,0
2018-02226,1,1,1,0,1,0,0,0,1,0,0
2018-03778,1,1,1,1,0,0,1,0,0,0,0
2018-03777,0,1,1,0,1,1,1,0,1,0,0
2018-01851,1,1,1,1,1,1,1,0,1,0,0
2018-02370,0,1,1,1,1,1,1,0,0,0,1
2018-00283,1,1,0,0,1,0,1,1,1,0,1
2018-02640,1,0,1,1,1,1,1,1,1,0,0
2018-02429,1,1,1,0,0,1,1,1,1,1,0
2018-01099,1,1,0,0,1,1,1,0,0,0,0
2018-03886,1,0,1,0,1,1,0,0,0,0,0
2018-03183,0,0,0,1,1,0,1,0,1,0,0
2018-03522,1,1,0,0,1,1,1,1,1,0,0
2018-03403,1,1,1,1,1,1,0,1,1,0,1
2018-03000,1,0,1,0,1,0,1,0,1,0,0
2018-01173,1,1,1,1,1,1,1,0,1,1,0
2018-01992,1,1,0,1,1,1,1,1,1,1,0
2018-00201,1,0,0,1,1,0,1,0,1,0,0
2018-03225,1,1,1,1,0,1,0,1,1,1,0
2018-02728,1,1,1,1,0,0,1,0,1,0,0
2018-00273,1,0,1,0,0,1,0,1,1,1,0
2018-02276,1,0,1,0,1,1,0,0,1,0,0
2018-00833,0,1,0,0,1,1,1,0,0,0,0
2018-02005,1,1,0,1,1,1,1,1,1,0,0
2018-01900,1,0,0,1,0,0,1,1,1,1,0
2018-01541,1,1,1,1,1,0,1,0,0,0,0
2018-00261,1,0,0,1,1,1,1,0,1,0,1
2018-02636,1,1,1,0,1,1,1,1,1,1,0
2018-00270,0,0,1,1,1,1,1,0,1,0,0
2018-00437,1,1,1,1,1,0,1,0,1,0,0
2018-04071,0,1,1,0,1,1,1,0,0,0,0
2018-02162,1,1,1,1,1,1,1,1,1,0,1
2018-01542,0,0,1,1,1,1,1,0,1,0,0
2018-00177,1,0,1,1,1,1,1,0,1,0,0
2018-00107,1,0,1,1,1,1,1,0,1,0,0
2018-03714,0,1,1,1,1,1,1,0,1,0,0
2018-02000,1,1,1,1,1,1,1,0,0,0,0
2018-03266,1,1,1,1,1,0,1,1,1,0,0
2018-03816,0,1,0,0,1,0,1,0,0,0,0
2018-02259,1,0,1,0,1,0,1,1,1,0,0
2018-03057,1,0,1,1,1,0,1,1,0,0,0
2018-00078,1,1,1,1,1,0,1,0,1,0,0
2018-03741,1,1,0,0,0,0,1,1,1,0,0
2018-04124,1,1,1,0,1,0,1,0,1,0,0
2018-01861,1,1,1,0,1,0,1,0,1,0,0
2018-00016,1,1,1,0,1,1,1,0,1,0,0
2018-04059,1,1,1,0,1,0,1,0,1,1,0
2018-00361,1,1,1,0,1,1,1,0,1,1,0
2018-02966,1,1,1,0,1,0,1,0,1,0,0
2018-03482,1,1,0,0,0,1,1,0,1,0,0
2018-03766,1,1,1,1,1,1,1,1,1,1,1
2018-03945,1,1,1,1,1,1,1,0,1,0,1
2018-00843,1,1,1,1,1,0,1,0,1,0,0
2018-02589,1,0,1,0,1,1,1,0,1,0,0
2018-01613,1,1,1,0,0,0,0,0,1,0,0
2018-02156,1,1,1,1,1,1,1,1,1,0,0
2018-00810,1,1,1,0,0,0,1,1,1,0,0
2018-01082,1,1,1,1,0,0,1,0,1,1,1
2018-01756,1,1,1,1,1,1,0,0,1,0,0
2018-02623,1,0,1,0,1,0,0,1,0,0,0
2018-00986,1,1,0,1,1,1,1,0,1,0,0
2018-02568,1,1,1,0,1,1,1,1,1,0,0
2018-00112,0,1,1,1,1,0,1,1,1,1,0
2018-01545,1,0,1,1,1,1,1,1,1,0,0
2018-00623,1,1,1,0,1,1,1,1,0,1,0
2018-02776,1,1,1,0,1,0,1,1,1,0,0
2018-02757,1,0,1,1,1,0,0,0,1,0,0
2018-03387,0,1,0,1,1,1,1,0,1,0,0
2018-01570,0,1,1,1,1,0,1,0,0,0,0
2018-04108,1,1,1,1,1,0,0,1,1,0,0
2018-03121,1,1,1,1,1,0,0,1,1,0,0
2018-01441,1,0,1,1,1,0,1,0,0,0,0
2018-00219,1,0,1,1,1,1,1,0,1,0,0
2018-03456,1,1,1,1,1,0,1,0,1,0,1
2018-02481,1,1,1,0,1,1,0,1,1,0,0
2018-04202,1,1,1,0,0,1,1,1,0,0,1
2018-03069,1,1,0,0,1,0,1,0,1,0,0
2018-03166,1,1,1,0,1,0,0,0,1,0,0
2018-00143,0,1,0,1,1,1,1,0,0,0,0
2018-03993,1,0,1,1,1,0,0,0,0,0,0
2018-01286,1,0,1,0,0,0,0,0,1,1,0
2018-02596,1,0,0,1,0,0,1,1,1,1,0
2018-03930,1,1,0,1,1,0,1,0,0,0,0
2018-00491,1,0,0,1,1,1,1,0,0,0,0
2018-02483,0,1,0,0,1,1,1,0,1,1,0
2018-02994,0,1,0,0,1,1,1,0,0,0,0
2018-02650,0,0,0,1,0,0,1,1,1,0,0
2018-00446,1,0,1,1,1,0,1,0,1,0,0
2018-02188,1,1,0,0,1,1,1,1,0,0,0
2018-02426,0,0,1,0,1,0,1,0,0,0,0
2018-03270,1,1,1,1,1,1,1,1,0,0,0
2018-04215,1,1,1,1,1,0,1,0,1,0,0
2018-04368,1,0,0,1,1,0,1,1,1,0,0
2018-01710,1,1,1,0,1,0,0,0,1,1,0
2018-03513,1,1,0,0,1,1,1,0,1,0,0
2018-00658,1,0,1,1,1,0,0,1,0,1,0
2018-00587,0,0,1,1,0,1,1,0,1,0,0
2018-01748,1,0,1,1,1,1,0,1,1,0,0
2018-03473,0,1,1,0,1,0,1,1,1,0,0
2018-03200,1,0,1,0,1,0,1,0,1,0,0
2018-00289,1,0,1,0,1,0,1,0,1,0,0
2018-00539,1,1,1,1,1,1,0,1,1,0,0
2018-04249,1,1,1,0,1,0,1,0,1,0,0
2018-03865,1,1,0,1,1,0,1,1,1,0,0
2018-04203,1,0,0,1,1,0,1,0,0,0,0
2018-00343,0,1,1,0,1,1,1,0,0,1,0
2018-01127,1,1,1,0,1,0,1,0,1,0,0
2018-02081,1,0,1,1,1,0,1,0,1,0,0
2018-03878,1,1,1,0,0,1,0,0,1,0,0
2018-02718,0,1,1,0,0,0,1,0,1,0,0
2018-02306,1,0,0,0,1,1,1,0,1,0,0
2018-00476,1,0,1,0,1,1,1,0,1,1,0
2018-02220,1,1,0,1,1,1,1,0,0,0,0
2018-02488,1,1,1,0,1,0,1,0,1,0,0
2018-00759,1,1,1,0,0,0,1,0,1,0,0
2018-03745,1,1,1,0,1,1,1,0,1,0,0
2018-00895,1,1,1,1,1,1,1,0,1,0,0
2018-00719,1,1,1,0,1,1,1,0,1,0,1
2018-03928,1,0,1,0,0,0,0,1,1,0,0
2018-01600,1,0,1,0,1,0,1,0,1,1,0
2018-01767,1,0,1,1,1,1,1,1,1,0,0
2018-04303,0,0,0,0,1,0,1,0,0,0,0
2018-02699,1,1,1,1,1,0,1,0,1,1,0
2018-03006,1,0,1,0,1,0,1,1,0,0,0
2018-00149,1,1,1,1,1,0,0,1,1,0,0
2018-00221,0,0,0,0,1,0,1,0,1,0,0
2018-00323,1,1,1,1,1,1,1,0,0,0,0
2018-00641,1,1,1,0,1,0,1,0,1,0,0
2018-01963,1,0,1,1,1,1,1,0,1,0,0
2018-02297,1,1,1,1,1,0,1,0,0,0,0
2018-00359,1,1,1,0,1,0,0,0,0,0,0
2018-03383,1,1,1,0,0,0,1,0,1,0,0
2018-00176,1,1,1,0,1,0,1,0,1,0,0
2018-01560,1,1,1,0,0,0,0,0,0,0,0
2018-00896,1,1,1,0,0,1,1,1,0,1,0
2018-04246,1,1,1,0,0,1,1,1,1,0,1
2018-00960,1,1,1,1,0,1,1,1,1,0,0
2018-02526,1,1,0,0,1,1,1,0,1,0,0
2018-03384,1,1,1,0,1,1,1,0,1,0,0
2018-02539,1,1,1,0,1,0,1,1,1,0,0
2018-01216,1,1,1,0,1,0,1,0,0,0,0
2018-00611,1,1,1,0,1,0,1,0,1,1,0
2018-04361,1,0,1,1,1,0,0,1,1,0,0
2018-03525,1,1,0,1,1,1,0,1,1,0,0
2018-00432,1,0,1,1,0,0,1,1,1,0,0
2018-04201,1,0,0,0,1,0,1,0,0,0,0
2018-00642,0,1,1,0,1,1,1,1,1,0,0
2018-01840,1,1,1,1,1,0,0,0,0,1,0
2018-04325,1,1,1,1,0,1,1,0,1,0,0
2018-04187,0,1,0,0,1,0,1,0,1,1,0
2018-01000,1,0,1,1,1,0,1,1,1,1,0
2018-01553,1,1,1,1,1,1,1,0,0,0,0
2018-03501,1,0,1,0,1,0,1,0,0,0,0
2018-03634,1,1,1,0,1,0,0,0,1,0,0
2018-04110,0,1,0,1,1,1,1,1,1,0,1
2018-01229,1,1,1,0,1,1,1,0,1,0,0
2018-00045,1,1,1,1,1,1,1,1,1,0,1
2018-03653,1,0,1,0,1,1,1,1,1,0,0
2018-02458,1,1,1,0,0,1,0,1,1,0,0
2018-04297,0,1,1,0,1,0,1,0,0,0,0
2018-01010,1,1,1,0,1,0,1,0,1,0,0
2018-03199,1,1,1,1,1,0,1,0,0,0,0
2018-03130,1,0,1,0,0,0,1,0,0,0,0
2018-01069,1,0,1,1,1,0,1,1,1,0,0
2018-03090,1,1,1,1,0,1,1,1,1,0,1
2018-01329,0,1,1,1,1,0,1,0,1,0,0
2018-00661,1,1,1,0,1,1,1,0,1,0,0
2018-00693,1,0,1,1,1,0,1,0,0,0,0
2018-01382,1,1,1,0,1,0,0,0,1,0,0
2018-00891,1,1,1,1,1,0,1,0,1,1,0
2018-04273,1,1,1,0,1,0,0,0,1,0,0
2018-01681,1,1,1,0,1,0,1,1,1,1,0
2018-01179,1,1,1,0,1,1,1,0,1,0,0
2018-01468,1,1,1,0,1,0,1,0,1,0,0
2018-00380,1,1,1,1,0,0,1,1,1,0,0
2018-03293,0,0,1,1,0,0,1,1,1,0,1
2018-01736,1,1,0,0,1,0,1,0,1,0,0
2018-03013,1,1,1,0,1,0,0,1,0,0,0
2018-04306,1,0,1,1,1,1,1,0,1,0,0
2018-02816,1,1,0,1,1,0,1,1,1,1,0
2018-00167,1,1,1,0,1,0,1,0,1,0,0
2018-02421,1,1,0,1,1,1,1,0,0,1,0
2018-01675,1,1,0,0,0,0,1,0,0,0,0
2018-00948,0,1,0,1,1,1,1,0,1,0,0
2018-00684,1,1,1,1,1,0,1,1,1,0,0
2018-00822,0,1,1,1,1,0,1,1,1,0,1
2018-00537,1,1,1,1,1,0,1,0,0,0,0
2018-01333,1,0,1,0,1,0,1,1,0,0,0
2018-00859,0,1,0,0,1,1,1,1,0,1,0
2018-04230,1,0,1,1,1,0,1,1,0,1,0
2018-00194,1,1,1,0,1,1,1,0,1,0,0
2018-00569,1,0,1,1,0,0,0,1,1,0,0
2018-03492,0,1,1,1,1,1,1,0,1,0,0
2018-00496,1,1,1,1,1,1,0,0,1,0,0
2018-00153,1,0,1,0,1,0,0,0,1,0,0
2018-02257,1,1,1,1,1,1,0,0,1,1,0
2018-02319,1,0,1,1,1,1,1,0,0,0,1
2018-03214,1,1,1,0,1,0,1,0,0,0,0
2018-03068,0,0,0,1,1,1,1,0,1,0,0
2018-00206,1,0,1,1,1,1,1,1,1,1,0
2018-01724,1,0,1,1,0,1,1,0,0,1,0
2018-03734,0,1,0,0,1,1,0,0,0,0,0
2018-03291,1,1,1,1,1,1,1,0,1,1,0
2018-00217,0,1,0,1,1,1,0,0,0,0,1
2018-03722,1,1,1,1,0,0,1,1,0,1,0
2018-04020,1,1,1,1,1,1,1,0,0,0,0
2018-00406,0,1,0,0,1,1,1,0,0,0,0
2018-03078,1,1,0,1,1,1,1,0,1,1,0
2018-01857,1,0,1,1,0,1,1,1,1,0,0
2018-00785,1,1,0,1,1,1,1,1,1,0,0
2018-01981,0,1,1,1,1,1,1,1,1,0,0
2018-03642,1,0,1,0,1,0,1,0,0,0,0
2018-03391,1,1,1,0,1,0,1,1,1,0,0
2018-04354,1,0,1,1,1,1,1,0,0,0,0
2018-00203,1,1,1,1,1,1,1,1,1,0,0
2018-02740,1,1,1,1,1,1,1,1,1,0,0
2018-02450,0,1,0,0,1,1,1,0,1,0,0
2018-01540,1,1,1,1,1,0,1,0,1,0,0
2018-00317,0,1,1,1,1,0,1,0,0,1,1
2018-00742,1,1,1,1,1,1,0,0,1,0,0
2018-01566,1,0,1,0,1,0,0,0,1,0,0
2018-03044,1,1,1,1,1,0,1,1,1,0,0
2018-01262,1,0,0,0,1,1,1,1,1,0,0
2018-01601,1,0,1,0,1,0,1,1,1,0,0
2018-00052,1,0,0,1,1,1,1,1,1,0,0
2018-04113,1,0,1,1,0,0,1,1,1,0,0
2018-03246,1,0,1,1,1,0,1,0,1,0,0
2018-00253,1,0,1,0,1,0,1,0,1,1,0
2018-01765,0,1,0,1,1,1,1,1,1,1,0
2018-01421,1,0,1,1,1,0,1,0,1,0,0
2018-02534,1,1,0,0,1,0,1,0,1,0,0
2018-03833,1,0,1,0,1,1,0,0,1,0,0
2018-02707,1,0,1,0,0,0,1,0,1,1,0
2018-02689,0,1,1,1,1,0,1,0,0,0,0
2018-03583,1,1,1,1,1,0,1,1,1,0,1
2018-00485,1,0,1,1,1,0,1,1,0,1,0
2018-02692,0,1,0,1,1,0,1,0,1,0,0
2018-02312,1,1,1,1,1,0,1,1,1,0,0
2018-04365,0,1,1,0,1,1,0,1,1,1,0
2018-01280,1,0,1,0,0,1,1,0,0,1,0
2018-03922,1,0,1,1,1,0,1,1,1,0,0
2018-02280,1,1,1,0,1,0,0,1,1,0,0
2018-03757,1,0,1,1,1,1,1,0,0,0,0
2018-02901,1,0,0,0,0,0,1,1,0,0,0
2018-03584,1,1,1,1,1,1,1,1,1,0,1
2018-00293,1,1,1,0,0,0,0,0,1,1,0
2018-01518,0,1,1,1,1,1,1,0,0,0,0
2018-03892,1,0,1,0,1,0,1,0,1,0,0
2018-02008,1,1,0,0,1,0,0,0,0,0,0
2018-00958,1,0,1,1,1,1,1,1,1,0,1
2018-03904,1,1,1,1,1,0,1,0,1,0,0
2018-01108,1,1,1,1,1,1,0,1,1,1,1
2018-02549,1,1,0,1,1,0,1,1,1,0,0
2018-03792,0,1,1,1,1,0,1,0,1,0,0
2018-00783,1,1,1,1,1,0,1,0,0,0,1
2018-01236,1,1,1,1,1,1,1,0,1,0,0
2018-03505,1,0,1,0,1,1,1,0,0,0,0
2018-00506,1,1,1,0,0,0,1,0,1,0,0
2018-02263,1,1,1,1,1,0,1,0,0,0,1
2018-03094,1,0,1,0,1,0,0,1,0,0,0
2018-02040,1,1,1,1,0,0,1,1,1,1,0
2018-00924,1,1,0,0,1,1,1,0,1,1,0
2018-00239,1,0,0,1,1,1,1,0,1,0,0
2018-00342,1,1,1,0,1,0,0,0,1,0,0
2018-00817,1,1,0,1,1,0,1,0,0,0,0
2018-01991,1,1,1,0,1,1,0,1,1,0,0
2018-01480,1,1,1,1,1,1,1,0,1,0,0
2018-00067,1,1,1,1,1,0,1,0,1,1,1
2018-00441,1,0,1,1,1,0,1,0,1,0,0
2018-03854,1,1,0,0,1,0,1,1,1,0,0
2018-01211,1,1,1,0,1,1,1,1,1,0,0
2018-01839,1,1,1,0,1,0,1,0,1,0,0
2018-03098,0,1,1,0,1,0,1,0,0,0,0
2018-02642,1,1,1,1,1,1,1,0,1,1,0
2018-03866,1,1,1,1,1,0,1,0,0,0,0
2018-03439,1,1,1,0,1,1,1,1,1,0,0
2018-00280,1,0,1,0,1,0,0,0,0,0,0
2018-00987,1,1,1,0,1,0,1,1,0,0,0
2018-03588,1,0,1,1,0,1,0,1,1,0,0
2018-01466,0,1,1,0,1,1,1,0,1,0,0
2018-02606,1,1,1,0,1,1,0,0,0,0,0
2018-02173,1,1,0,1,1,1,1,0,1,1,0
2018-02558,1,1,1,0,1,1,1,0,0,0,0
2018-03774,1,0,1,0,0,0,1,1,1,0,0
2018-02467,1,0,1,0,1,1,1,0,1,0,0
2018-03735,1,0,0,0,1,1,1,0,1,0,0
2018-01369,1,1,1,0,1,0,1,0,1,0,0
2018-00056,0,0,0,1,1,1,1,1,0,0,0
2018-04083,1,1,1,1,0,1,1,0,1,0,0
2018-02490,0,1,0,0,1,1,1,0,1,0,0
2018-03944,0,0,1,0,1,0,0,1,1,1,0
2018-00947,0,1,0,0,1,1,1,0,0,0,0
2018-03089,1,0,1,0,1,0,1,0,1,0,0
2018-03209,1,1,1,1,1,0,1,1,1,0,1
2018-02176,1,0,1,1,1,1,1,0,1,1,0
2018-02435,1,1,0,1,1,0,1,0,0,0,0
2018-00751,1,1,0,0,1,0,1,1,1,0,0
2018-03639,0,0,1,1,1,1,0,1,1,0,0
2018-03127,1,1,1,1,1,1,1,0,1,0,0
2018-03297,1,1,1,1,0,0,1,0,1,0,0
2018-03600,0,1,1,1,1,1,1,0,0,1,0
2018-00172,1,0,1,0,1,1,1,0,0,0,0
2018-03903,1,1,1,0,1,0,1,0,0,0,0
2018-02172,1,0,1,0,1,1,1,0,0,0,0
2018-00513,1,1,1,0,0,0,1,0,1,0,0
2018-00327,1,1,1,0,1,1,1,0,1,1,0
2018-00475,0,1,1,1,1,1,1,0,1,0,0
2018-02694,1,1,1,1,1,0,1,0,1,0,0
2018-02203,0,0,0,0,1,0,1,0,0,0,0
2018-03284,0,0,1,0,1,1,1,0,1,1,1
2018-01843,1,1,1,0,1,0,1,0,1,0,0
2018-00668,1,1,1,1,1,0,1,0,1,0,0
2018-01622,1,1,1,1,1,1,1,0,1,1,0
2018-02196,1,1,1,1,1,0,1,1,1,0,0
2018-02420,1,1,1,1,1,1,0,1,1,0,0
2018-01845,1,1,1,1,0,0,1,0,0,1,0
2018-01316,1,1,1,1,1,0,0,1,0,1,0
2018-00246,1,1,1,1,1,1,0,1,1,0,0
2018-03216,1,1,1,0,1,1,1,0,1,1,1
2018-03768,1,1,1,0,1,0,1,1,1,0,0
2018-02715,1,0,1,0,1,0,1,1,1,0,0
2018-03416,1,1,1,1,1,1,1,0,1,0,0
2018-00582,1,1,1,0,1,0,1,0,1,0,0
2018-01241,0,1,1,1,1,1,1,0,0,0,0
2018-02664,1,1,1,1,1,0,0,1,0,1,0
2018-01802,0,1,0,1,1,1,1,1,1,1,0
2018-03847,1,1,1,1,1,0,1,0,1,0,0
2018-00554,1,1,1,0,1,0,1,1,0,0,0
2018-03857,1,0,1,1,1,1,1,0,1,0,0
2018-03647,0,1,1,1,1,1,1,1,1,0,0
2018-04007,1,0,1,1,1,0,1,0,1,0,0
2018-04195,1,0,0,1,1,1,0,0,1,0,0
2018-04341,1,1,1,1,0,0,0,1,1,0,0
2018-02513,1,0,1,1,1,0,1,1,1,0,0
2018-00301,1,0,1,0,1,0,1,1,1,0,1
2018-01182,0,1,1,1,0,0,0,0,1,1,0
2018-01747,1,1,1,1,0,0,1,0,1,0,0
2018-01323,1,0,1,1,1,1,0,0,1,0,0
2018-01281,0,0,1,0,1,1,1,0,0,0,0
2018-02652,0,1,1,0,1,1,1,0,1,0,0
2018-03455,1,0,1,1,1,1,0,1,1,0,1
2018-00382,1,1,1,0,1,0,0,1,0,0,0
2018-03168,1,1,1,1,1,1,1,0,1,0,0
2018-00192,1,0,1,0,1,1,1,1,1,0,0
2018-03277,1,0,1,1,0,0,1,1,1,1,0
2018-01467,1,1,1,0,1,1,1,1,1,1,0
2018-03468,1,0,1,0,1,0,1,0,1,0,0
2018-03303,0,0,1,1,1,1,1,0,0,0,0
2018-01652,0,0,1,1,1,0,1,0,1,0,0
2018-01439,1,1,1,0,1,0,1,1,1,0,0
2018-02166,1,1,1,0,0,0,1,0,1,0,0
2018-00374,0,1,1,1,1,1,1,0,0,1,0
2018-02686,1,0,1,0,1,0,1,0,1,0,0
2018-03196,1,0,0,0,1,1,1,0,0,0,0
2018-02950,1,1,0,0,1,1,1,0,1,0,0
2018-03963,1,0,1,1,1,1,1,1,1,1,0
2018-00271,1,0,1,0,0,0,1,1,0,1,0
2018-01423,1,0,1,0,1,1,1,1,1,0,0
2018-01769,1,0,1,1,1,0,1,0,1,0,0
2018-02128,1,0,1,0,0,0,1,0,0,0,0
2018-01438,1,1,1,0,1,1,1,0,0,0,0
2018-03496,0,0,1,1,1,0,1,1,1,0,0
2018-03869,1,1,1,0,0,1,0,0,1,0,1
2018-01672,1,1,1,0,1,0,0,1,1,0,0
2018-03423,0,1,1,1,1,0,1,0,0,0,0
2018-00494,1,1,1,0,1,1,1,0,1,0,1
2018-00020,1,1,1,1,1,1,1,1,0,0,0
2018-00472,1,0,0,1,1,0,1,0,1,1,0
2018-01732,1,1,1,1,1,0,1,0,1,0,0
2018-01547,1,0,1,0,1,0,0,0,0,0,0
2018-03241,1,0,1,1,0,0,0,0,0,0,0
2018-03307,1,1,1,0,1,0,1,1,1,0,0
2018-03479,0,1,1,0,1,1,1,0,1,0,0
2018-02478,1,1,1,0,0,0,0,1,1,1,0
2018-02556,1,0,1,1,1,1,0,1,0,0,0
2018-02874,1,1,1,0,1,0,1,0,0,0,0
2018-03009,0,1,1,1,1,0,1,1,1,0,0
2018-02792,1,1,0,0,1,0,1,0,0,0,0
2018-02254,1,1,1,0,1,1,0,0,1,0,0
2018-03138,1,0,0,0,0,1,1,0,1,1,0
2018-03645,1,1,1,1,1,0,1,0,1,0,0
2018-02754,1,1,1,1,1,0,1,0,1,0,0
2018-04119,1,0,1,1,1,0,1,1,0,0,0
2018-01222,1,0,1,0,1,0,1,0,1,0,0
2018-03491,0,1,1,1,1,0,0,1,1,0,1
2018-01086,1,1,1,0,1,1,1,0,0,0,0
2018-02983,0,0,1,0,1,1,1,1,0,0,0
2018-03978,1,1,0,0,1,1,1,0,1,0,0
2018-01442,1,1,1,0,1,0,0,0,1,0,0
2018-03027,1,0,1,1,1,0,1,0,1,0,0
2018-03512,0,1,1,1,1,1,1,0,0,0,0
2018-03420,1,1,1,1,1,1,1,0,0,0,0
2018-03786,0,1,1,0,1,1,1,0,0,0,0
2018-03946,1,0,1,1,0,0,0,1,1,0,1
2018-00395,1,1,1,0,1,1,0,0,1,1,0
2018-02136,0,1,1,1,1,0,1,0,0,0,0
2018-02779,1,1,1,1,1,0,1,1,1,0,0
2018-04295,1,0,0,1,1,1,1,1,0,0,0
2018-01064,1,1,0,0,1,0,1,1,1,0,0
2018-03764,1,0,1,1,1,0,1,1,1,0,0
2018-02985,1,1,1,0,1,1,1,1,1,1,0
2018-02618,1,1,1,0,1,0,1,0,0,0,0
2018-00213,1,0,1,1,1,0,0,1,1,0,0
2018-01966,1,1,0,1,1,0,1,0,0,0,0
2018-00140,1,1,0,0,1,0,1,1,1,0,0
2018-01951,1,1,0,1,1,1,1,1,1,0,0
2018-03520,1,1,0,1,1,1,1,1,1,0,0
2018-02835,1,1,1,1,1,0,1,0,1,0,0
2018-02622,1,1,1,1,1,1,1,0,0,0,0
2018-00925,0,0,1,1,1,0,1,0,0,0,0
2018-03801,1,0,1,1,0,0,1,0,1,1,0
2018-02814,1,1,1,0,1,0,0,0,1,0,0
2018-00550,0,0,1,1,1,0,1,0,1,0,0
2018-02546,0,1,0,1,1,1,1,0,0,0,1
2018-04321,1,0,1,0,1,0,1,0,1,0,0
2018-00372,1,1,1,1,1,0,1,0,1,0,0
2018-00619,1,1,1,0,1,1,1,0,1,0,0
2018-02103,1,1,1,1,1,0,1,1,1,0,0
2018-01018,1,0,1,0,0,0,1,0,0,0,0
2018-01389,1,0,1,1,0,0,0,0,1,1,0
2018-04130,1,1,1,1,1,0,1,1,1,1,0
2018-03983,1,0,1,1,1,0,1,1,1,0,1
2018-00399,1,1,1,0,1,0,1,0,1,0,0
2018-03602,1,1,1,0,1,1,0,0,0,0,0
2018-01429,1,0,1,0,1,1,0,0,0,0,0
2018-01814,0,1,1,0,1,1,1,0,1,0,0
2018-02110,1,1,1,1,1,1,0,1,1,0,0
2018-03578,1,1,1,0,1,0,0,0,1,0,0
2018-01818,0,1,1,0,1,1,1,1,0,0,0
2018-00877,1,1,1,0,0,1,1,0,1,0,0
2018-01044,1,1,1,1,1,0,1,0,1,0,0
2018-00706,1,1,1,0,1,0,1,0,1,0,0
2018-02175,1,1,0,1,1,0,1,0,0,0,0
2018-02997,1,0,1,1,1,1,0,0,1,0,0
2018-01604,1,1,0,0,1,1,1,0,0,0,0
2018-01578,1,1,0,0,1,1,1,1,1,0,0
2018-01964,0,1,0,0,1,0,1,0,1,0,0
2018-01020,1,0,1,1,1,1,1,1,1,0,0
2018-04264,1,1,1,0,1,1,0,1,1,1,0
2018-00558,1,1,1,0,1,1,0,0,0,0,0
2018-00147,1,0,1,0,0,0,1,0,1,0,0
2018-01876,1,1,0,0,1,0,1,1,1,1,0
2018-02873,1,0,1,0,1,0,1,0,1,0,0
2018-00644,1,0,1,1,1,1,1,1,1,0,0
2018-01169,1,1,1,0,1,0,1,0,1,1,0
2018-02328,1,0,1,1,1,1,1,0,1,0,0
2018-03128,1,0,1,0,1,1,1,0,1,0,0
2018-02752,1,0,1,1,1,1,1,0,1,0,0
2018-03102,0,0,1,1,1,0,1,0,0,0,0
2018-02993,1,0,1,1,1,0,0,1,1,1,0
2018-04089,1,0,1,0,0,0,0,0,0,1,0
2018-00165,1,0,1,0,1,0,1,0,1,1,0
2018-00312,1,0,1,0,1,1,1,0,1,0,0
2018-03870,0,0,1,1,1,1,0,1,1,0,0
2018-01228,1,1,1,1,1,1,0,0,0,0,0
2018-00604,1,0,1,0,0,0,1,0,1,1,0
2018-00223,1,1,1,1,1,1,1,0,1,1,0
2018-01486,1,1,1,0,1,1,1,1,1,0,0
2018-03394,1,1,1,1,1,1,1,0,1,0,0
2018-03487,0,1,1,1,1,1,1,1,1,0,0
2018-00793,1,1,1,0,0,1,1,0,1,0,0
2018-01858,1,0,1,1,1,0,1,0,1,0,0
2018-04305,1,0,1,1,1,0,1,1,1,0,0
2018-01470,1,1,1,1,1,1,1,1,0,0,0
2018-02960,1,1,0,0,1,0,0,1,1,0,0
2018-01924,1,1,1,1,1,0,0,1,1,0,0
2018-00012,0,1,1,0,1,1,1,1,1,0,0
2018-02800,1,1,1,1,1,0,1,1,1,0,0
2018-03469,1,1,0,1,1,1,1,1,1,1,0
2018-02837,1,1,0,0,1,0,1,1,1,0,0
2018-02327,0,1,1,1,1,1,0,1,1,0,0
2018-04076,1,1,1,1,1,1,1,0,1,0,0
2018-00526,1,1,1,1,1,0,1,0,1,0,1
2018-01554,1,0,1,0,0,1,1,1,1,0,0
2018-01718,0,0,1,1,1,1,1,0,0,0,0
2018-01962,1,0,1,1,1,0,1,1,1,0,0
2018-03140,0,1,1,1,1,1,1,1,1,1,1
2018-04043,1,1,1,0,1,0,1,0,1,1,0
2018-02313,1,0,1,0,1,0,1,1,1,0,0
2018-02775,1,1,0,0,1,1,1,0,1,1,0
2018-02221,1,0,1,0,1,0,1,0,1,0,0
2018-02811,1,0,1,0,1,0,1,0,1,0,0
2018-04181,1,0,1,1,1,1,1,1,1,0,1
2018-01912,1,1,1,0,1,0,1,0,1,0,0
2018-01982,1,1,1,0,1,0,1,0,1,0,0
2018-03623,1,1,1,0,1,1,0,0,1,0,0
2018-02883,0,0,0,1,1,0,1,1,1,1,0
2018-00562,1,1,0,0,1,1,1,0,1,0,0
2018-02561,1,0,1,1,1,1,1,1,1,1,1
2018-01247,1,0,1,0,1,0,0,0,0,0,1
2018-04021,0,1,1,0,1,0,1,1,1,1,0
2018-00633,1,1,1,0,1,1,1,0,1,0,0
2018-02046,1,1,1,0,1,0,1,0,1,0,1
2018-01026,0,0,1,0,1,0,1,0,1,0,0
2018-00592,1,0,1,1,0,0,1,1,1,1,0
2018-04075,1,1,1,1,1,1,1,1,1,0,0
2018-03597,1,1,1,0,1,1,1,0,1,0,0
2018-01972,1,1,1,0,1,1,1,1,0,0,0
2018-00648,0,0,1,1,1,1,1,1,1,0,0
2018-03377,1,0,1,1,0,0,1,1,0,0,0
2018-01915,1,1,1,1,1,0,0,0,1,0,0
2018-00855,1,1,1,1,1,0,0,1,1,0,0
2018-02588,1,1,1,0,1,0,0,0,1,0,0
2018-00871,1,0,0,1,1,0,1,0,0,0,0
2018-02880,1,0,1,0,1,1,1,0,0,1,0
2018-00200,1,0,0,0,1,0,1,0,0,0,0
2018-03368,1,1,1,0,1,1,1,1,1,1,0
2018-03407,1,1,1,0,1,1,0,0,1,1,0
2018-02271,0,1,1,0,1,0,1,0,0,0,0
2018-00397,1,1,1,1,1,1,1,0,1,0,1
2018-03692,1,1,1,1,1,1,0,1,1,0,1
2018-03234,1,0,1,0,1,0,0,0,0,0,0
2018-02416,1,0,1,0,0,0,1,0,1,0,0
2018-00516,1,1,1,0,1,1,1,0,1,0,0
2018-03542,0,1,1,0,1,0,1,0,0,0,0
2018-03043,1,1,1,0,1,1,1,0,1,0,0
2018-02518,0,0,1,1,1,1,0,1,0,0,0
2018-03137,1,1,1,0,1,0,1,1,1,0,0
2018-01934,1,0,1,1,1,0,1,0,1,1,0
2018-02261,1,0,1,0,0,0,0,0,1,1,0
2018-01416,1,1,1,1,1,1,1,0,0,1,0
2018-04366,1,1,1,0,1,0,1,0,1,0,0
2018-01462,1,1,0,1,0,0,1,0,1,0,1
2018-01154,1,0,1,1,1,0,1,0,1,1,0
2018-04268,1,0,1,0,1,0,1,1,1,0,0
2018-01040,1,0,1,1,0,0,0,0,1,0,0
2018-02023,1,1,1,1,1,1,1,1,1,1,0
2018-03272,1,1,1,0,1,1,1,0,1,0,0
2018-01495,1,1,1,0,1,1,0,1,1,0,0
2018-03780,1,1,1,0,1,1,0,0,0,0,0
2018-01138,1,1,1,1,1,0,1,0,1,0,0
2018-03844,1,0,1,0,1,1,1,0,1,0,0
2018-02205,1,1,1,0,1,1,1,0,0,0,0
2018-01500,1,1,1,1,1,0,1,1,1,0,0
2018-00618,1,0,1,0,1,1,1,0,0,0,0
2018-01271,1,1,1,0,1,1,1,0,1,0,0
2018-03105,1,1,1,1,1,0,1,0,1,0,0
2018-03708,1,1,0,1,1,1,0,0,1,0,0
2018-03831,1,1,1,0,1,0,0,1,1,0,0
2018-00411,1,0,1,0,0,0,0,0,1,0,1
2018-02409,0,1,0,1,1,0,0,1,1,0,0
2018-01054,1,1,1,1,1,1,1,0,0,0,0
2018-03342,1,1,1,1,1,0,1,1,1,0,0
2018-03290,1,0,1,0,1,0,1,0,1,0,1
2018-04216,1,1,1,1,1,0,1,1,1,0,0
2018-00702,1,1,0,0,1,0,1,1,1,0,0
2018-00329,1,1,1,0,1,1,1,1,1,1,0
2018-01837,0,1,1,1,1,0,1,0,1,0,0
2018-03212,1,1,0,0,1,0,0,0,0,0,0
2018-04037,1,1,1,0,1,0,1,1,1,0,0
2018-01283,1,1,1,1,0,1,0,1,1,0,0
2018-00827,0,0,1,1,1,1,1,1,1,1,0
2018-00370,1,0,1,1,0,0,1,0,1,0,0
2018-01919,1,1,1,1,1,0,0,0,1,0,0
2018-02153,1,0,1,1,0,0,1,0,0,0,0
2018-04372,1,1,1,1,0,0,0,1,1,1,0
2018-01191,1,1,1,1,1,0,1,1,1,0,0
2018-00935,0,1,1,0,1,0,1,1,1,1,1
2018-00346,1,0,1,1,1,0,0,1,1,1,0
2018-02324,1,1,1,1,0,1,1,1,0,1,1
2018-02637,1,0,1,1,1,0,0,1,1,0,1
2018-02818,1,1,1,0,0,1,1,1,1,0,0
2018-04008,1,1,1,0,1,0,1,0,1,0,0
2018-01942,0,1,1,1,1,1,0,1,1,0,0
2018-03541,0,0,1,0,0,1,1,0,1,0,0
2018-03917,1,1,1,1,1,0,1,0,1,0,0
2018-00919,1,0,1,0,1,0,1,0,0,0,0
2018-00044,1,1,1,0,0,0,1,0,1,0,0
2018-00479,1,1,1,0,1,0,1,0,1,0,0
2018-00121,1,1,1,1,1,1,1,0,0,1,0
2018-02068,1,1,1,0,1,0,0,0,0,0,0
2018-01594,0,0,1,1,1,1,1,1,0,0,1
2018-00362,1,1,0,0,1,1,1,0,1,0,0
2018-04133,1,1,0,0,1,1,1,0,1,1,0
2018-02545,1,0,1,1,1,0,1,1,1,0,0
2018-01464,1,1,1,1,0,0,1,1,1,0,0
2018-01582,0,1,1,1,1,1,1,1,1,0,0
2018-00696,1,1,1,0,0,1,1,0,1,0,0
2018-03150,1,1,1,1,1,0,1,1,1,0,0
2018-03516,1,0,0,1,1,0,1,0,0,0,0
2018-04149,0,1,1,1,1,1,1,0,1,0,0
2018-01436,1,1,1,0,1,0,0,0,1,0,0
2018-02766,1,1,1,1,1,0,1,0,1,1,0
2018-03147,1,1,1,0,1,0,1,1,0,0,1
2018-01074,0,1,0,0,1,0,1,0,1,0,1
2018-03926,0,0,0,1,1,1,1,1,0,0,0
2018-04063,1,1,1,1,1,0,1,1,1,0,0
2018-01781,1,1,1,1,1,0,1,0,1,0,1
2018-03170,1,1,1,0,1,1,1,1,1,0,0
2018-02414,1,0,1,0,0,0,1,1,1,0,0
2018-01640,1,0,1,0,1,1,0,1,1,0,0
2018-04152,1,0,1,0,1,1,1,0,1,0,0
2018-01234,1,0,1,1,1,0,1,0,1,1,0
2018-00333,1,0,1,0,0,1,1,1,1,0,0
2018-04380,1,1,1,0,1,0,1,0,0,0,0
2018-01376,1,1,1,0,0,0,0,0,1,0,0
2018-03145,1,1,1,0,1,0,0,0,1,0,0
2018-02762,0,0,1,1,1,1,1,0,0,0,0
2018-01205,1,1,1,1,1,1,1,1,1,0,0
2018-04026,1,1,0,0,1,1,1,1,1,0,0
2018-01823,1,1,1,1,1,0,0,1,1,0,0
2018-00473,1,1,0,0,1,1,1,0,1,0,0
2018-01455,1,1,1,1,1,0,1,1,1,0,0
2018-02875,1,1,1,1,0,1,0,1,1,0,0
2018-03641,1,0,1,0,0,1,1,1,1,0,0
2018-03042,1,1,0,1,1,1,1,1,1,1,0
2018-00756,0,1,1,1,1,0,1,1,1,0,0
2018-03652,1,0,1,0,1,0,1,0,1,0,0
2018-03712,1,1,1,1,1,0,1,0,1,0,0
2018-02303,1,0,1,0,1,0,1,0,1,0,0
2018-04219,1,1,1,0,1,0,1,1,0,1,1
2018-01636,1,1,1,0,0,0,1,0,1,0,0
2018-01440,0,1,1,1,1,1,1,1,0,1,0
2018-03691,0,1,1,1,1,0,1,1,0,0,0
2018-02272,1,1,1,0,1,0,1,1,1,0,0
2018-02052,1,0,1,0,1,1,1,1,1,1,1
2018-01983,1,0,1,0,1,0,1,0,1,0,0
2018-03415,1,0,1,0,0,0,1,1,0,1,0
2018-00724,1,1,1,1,1,0,1,1,1,0,1
2018-00694,1,1,1,1,1,0,1,1,0,0,0
2018-02024,1,1,1,1,1,0,1,1,1,0,0
2018-03509,1,0,0,1,1,1,1,0,0,0,0
2018-01530,1,0,1,1,0,1,1,1,1,0,0
2018-00995,1,0,1,1,1,1,0,1,1,1,0
2018-01493,1,1,1,1,1,0,0,0,1,0,0
2018-01772,0,1,1,0,1,1,1,0,1,1,0
2018-00296,0,1,0,0,1,1,1,1,1,0,0
2018-00316,1,0,1,0,1,0,0,0,1,0,0
2018-02323,1,0,1,1,1,1,1,0,1,0,0
2018-04029,1,1,1,1,1,0,1,1,1,0,0
2018-03315,1,1,1,0,1,0,1,0,1,0,0
2018-02294,1,0,1,0,1,0,1,0,0,0,0
2018-00917,1,0,1,1,1,0,0,1,1,0,0
2018-03123,1,0,1,1,1,1,1,0,1,1,0
2018-02915,1,1,1,1,0,1,1,1,1,0,0
2018-03453,1,0,1,0,1,0,1,0,1,0,0
2018-03779,1,0,1,0,1,0,1,0,1,0,0
2018-03176,1,1,1,1,0,0,1,1,1,0,0
2018-02443,1,0,1,0,0,1,1,0,1,0,0
2018-03119,1,1,1,1,1,0,1,0,1,0,0
2018-01297,1,1,1,1,0,0,1,1,1,0,0
2018-02886,1,0,1,0,1,0,1,0,1,1,0
2018-03301,1,0,1,1,1,0,1,0,1,0,0
2018-03410,1,0,1,0,1,1,0,1,1,1,0
2018-01202,1,1,1,0,1,0,1,0,0,0,0
2018-00433,1,1,0,0,1,0,1,0,0,0,0
2018-01315,1,0,0,1,1,0,1,1,1,0,0
2018-01419,1,0,1,1,1,0,1,0,1,0,0
2018-03753,1,0,1,0,1,0,1,1,1,0,0
2018-01544,1,1,1,0,1,0,1,0,1,0,0
2018-04064,1,1,1,1,1,1,1,0,1,1,0
2018-00737,1,1,1,0,1,0,1,1,0,0,0
2018-02493,1,1,0,0,1,1,1,1,0,0,0
2018-03319,1,1,0,0,1,1,1,1,1,0,0
2018-01194,1,0,0,0,1,0,1,1,0,0,0
2018-00552,1,1,1,1,1,1,0,0,1,1,0
2018-01327,1,0,1,1,1,1,1,1,1,0,0
2018-00412,0,0,1,1,1,0,1,1,1,1,0
2018-01817,1,1,1,0,1,0,0,0,1,1,0
2018-00423,1,1,1,0,0,1,1,0,1,1,0
2018-03557,1,1,1,0,1,1,0,0,1,1,0
2018-02893,1,1,1,0,1,1,1,1,1,0,0
2018-03543,0,1,1,1,1,0,1,1,0,1,0
2018-04077,1,0,1,1,1,1,0,1,1,0,1
2018-02785,1,1,1,1,1,0,1,1,1,0,1
2018-01004,1,1,1,1,1,1,0,1,1,1,0
2018-04157,1,1,1,1,1,0,1,0,1,0,0
2018-02944,0,0,1,0,1,1,1,0,0,0,0
2018-00829,1,1,1,0,0,0,0,1,1,0,0
2018-04313,1,1,1,1,1,0,1,0,1,0,0
2018-01904,0,1,1,1,1,1,1,1,1,0,0
2018-01261,1,1,1,0,0,0,1,0,1,0,0
2018-03124,1,1,1,1,0,0,0,1,1,1,0
2018-02270,1,1,1,1,0,0,1,0,0,0,0
2018-03529,0,1,0,1,1,1,1,0,0,0,0
2018-03668,1,1,0,0,1,1,1,1,0,1,0
2018-01488,0,1,0,0,1,1,1,0,1,0,0
2018-04334,1,1,1,1,1,0,0,1,1,1,0
2018-01854,1,1,1,0,1,1,1,0,1,0,0
2018-01516,1,0,1,1,1,1,0,0,1,1,0
2018-03472,1,0,1,0,1,1,1,1,1,1,0
2018-02942,1,0,1,0,0,0,0,1,0,0,0
2018-04155,1,0,1,0,1,1,1,0,1,0,0
2018-02661,1,1,1,1,1,1,0,1,1,0,0
2018-02310,0,1,1,1,1,1,1,0,1,0,0
2018-00615,1,0,1,1,1,0,1,0,0,0,0
2018-02704,1,1,1,0,1,0,0,0,1,0,0
2018-01224,1,0,1,0,1,0,1,0,0,0,0
2018-02315,1,1,0,1,1,0,1,0,0,0,0
2018-00802,1,0,1,1,1,0,1,0,0,0,0
2018-01775,1,0,1,0,1,0,0,0,1,0,0
2018-02967,1,0,0,1,1,0,1,0,1,0,0
2018-02850,1,1,1,0,1,1,1,0,1,0,0
2018-03007,1,1,0,1,1,1,1,0,1,1,0
2018-02885,0,0,1,0,1,0,1,0,0,0,0
2018-03822,1,1,0,1,1,0,1,1,0,0,0
2018-00990,1,0,1,0,0,1,1,1,1,0,0
2018-01336,1,1,1,0,1,1,1,0,1,0,0
2018-03191,1,0,1,0,1,1,0,1,1,0,0
2018-01909,1,0,1,0,1,1,1,0,1,0,0
2018-01129,0,0,1,1,1,0,1,0,1,0,0
2018-01126,1,1,1,0,1,1,1,0,0,0,0
2018-00798,0,0,1,1,1,1,0,0,1,1,0
2018-02004,0,1,0,0,1,0,1,0,0,0,0
2018-02653,1,0,1,0,1,0,1,0,1,1,0
2018-03490,1,0,1,0,0,0,1,1,1,1,0
2018-03264,1,1,1,1,1,0,1,0,0,0,0
2018-03092,1,0,1,0,1,0,1,0,1,0,0
2018-03448,1,1,1,0,1,1,0,0,1,0,0
2018-01298,1,1,1,0,1,1,0,1,1,0,0
2018-02555,1,1,1,0,1,1,1,0,1,1,0
2018-00215,1,1,1,0,0,0,1,1,0,1,0
2018-02064,1,1,1,1,0,1,1,1,1,0,0
2018-01684,1,1,0,1,0,0,0,1,0,0,0
2018-03659,1,1,1,0,1,0,1,1,0,0,0
2018-02355,0,1,1,1,1,1,1,1,1,0,1
2018-02159,0,1,0,1,1,1,1,0,1,0,0
2018-00576,1,0,0,0,1,0,1,1,1,0,0
2018-01314,1,1,0,0,1,1,1,0,1,1,0
2018-02430,1,0,0,0,1,0,1,0,0,1,1
2018-00204,1,1,1,1,0,1,1,0,0,0,0
2018-00913,0,0,0,1,1,0,1,1,1,0,0
2018-02799,1,1,1,0,1,0,0,0,1,0,0
2018-02138,1,1,1,1,1,0,1,0,0,1,0
2018-01153,1,1,0,1,1,1,1,0,0,0,1
2018-00804,1,1,1,1,1,1,1,0,1,0,0
2018-00964,1,1,1,1,1,0,1,1,0,1,0
2018-04170,1,0,0,1,1,0,1,1,1,0,0
2018-00556,1,1,1,0,1,0,1,0,1,0,0
2018-02675,1,1,1,1,1,1,1,0,1,1,0
2018-04335,1,1,0,1,1,0,1,1,1,0,0
2018-04073,1,1,1,0,0,0,0,0,1,1,0
2018-04086,1,1,1,1,1,0,1,0,0,0,0
2018-00744,1,1,0,0,1,0,1,1,0,1,0
2018-00625,0,1,0,0,1,0,1,1,1,0,0
2018-04186,1,0,1,1,0,0,0,1,1,0,1
2018-01856,0,0,1,1,1,1,1,1,1,0,0
2018-01374,0,0,0,0,1,0,1,0,1,0,0
2018-02900,0,0,0,1,1,1,1,1,1,0,0
2018-04261,1,1,1,0,1,0,0,0,1,0,0
2018-01816,1,1,1,0,1,0,1,0,1,1,0
2018-02455,1,1,1,0,1,0,1,1,1,0,0
2018-00344,1,1,1,0,0,0,1,1,1,0,0
2018-01674,1,1,1,0,1,0,1,0,1,0,0
2018-03500,1,0,1,0,1,1,1,1,1,1,1
2018-02507,1,1,1,0,1,1,1,0,1,0,0
2018-01897,1,0,1,0,1,0,1,0,1,0,0
2018-03188,1,0,1,0,1,0,1,0,1,0,0
2018-02274,1,0,1,1,1,0,1,0,1,0,0
2018-01761,1,0,1,1,1,0,1,0,1,0,0
2018-00500,0,1,1,0,1,0,1,0,1,0,0
2018-03767,1,0,1,0,1,0,1,1,1,0,0
2018-03325,1,0,1,1,1,0,1,0,1,0,0
2018-04333,1,1,1,1,0,1,1,0,1,0,0
2018-01116,1,1,1,0,1,0,0,0,1,0,0
2018-01447,1,1,0,1,1,0,1,1,1,0,0
2018-04194,1,1,1,1,1,0,0,0,1,0,0
2018-02825,0,1,0,0,1,0,1,0,0,0,0
2018-04116,1,1,0,1,1,0,1,0,0,0,0
2018-00426,1,0,1,1,1,1,1,1,1,0,0
2018-02208,1,1,1,1,1,0,1,1,1,0,1
2018-03396,1,1,1,1,1,1,0,1,1,0,0
2018-03884,0,0,1,1,1,1,1,0,0,0,0
2018-03281,1,1,1,1,1,1,1,0,0,0,0
2018-03676,1,1,1,1,1,0,0,1,0,0,0
2018-01882,1,1,1,0,0,0,1,0,1,1,0
2018-03219,1,1,1,0,1,0,1,1,1,0,0
2018-00116,1,0,1,0,1,0,1,0,1,0,0
2018-00202,1,0,1,1,1,0,1,0,1,1,0
2018-01151,0,1,1,1,1,1,1,0,1,1,0
2018-00100,0,1,1,0,1,0,1,0,1,0,0
2018-01299,0,1,0,1,1,1,1,1,1,0,0
2018-03862,1,0,1,0,1,1,1,0,0,1,0
2018-04227,1,1,1,1,1,0,1,1,1,0,0
2018-02839,1,0,1,0,0,0,1,0,1,0,0
2018-00210,1,0,1,0,1,1,1,0,1,0,0
2018-03253,0,1,0,1,1,1,1,1,1,0,0
2018-03591,1,0,1,1,1,0,1,0,1,0,0
2018-02659,1,1,1,1,1,1,1,0,1,0,0
2018-03372,0,1,0,0,1,1,1,0,1,0,0
2018-04164,1,1,1,1,0,0,1,1,1,0,0
2018-00339,1,0,1,0,1,0,1,0,1,0,0
2018-01526,1,1,1,1,1,0,0,0,1,0,0
2018-02086,1,1,1,1,1,0,1,0,1,1,0
2018-03080,1,1,1,0,1,0,1,0,1,0,0
2018-03417,1,1,0,1,1,1,1,0,1,0,0
2018-02206,0,1,1,1,1,0,1,1,1,1,0
2018-04137,1,0,1,1,1,1,1,0,0,0,0
2018-01846,1,1,1,1,0,1,1,1,0,0,0
2018-02329,1,1,1,0,1,0,1,0,1,0,0
2018-02844,1,1,1,0,1,0,0,1,1,0,0
2018-00071,1,1,1,0,0,0,0,1,1,0,0
2018-00600,1,1,0,0,1,0,1,0,0,0,0
2018-03996,1,1,1,1,1,0,1,1,1,1,0
2018-00899,1,1,1,1,0,0,0,1,1,0,0
2018-02410,1,1,1,0,1,1,1,0,0,1,0
2018-03776,0,1,0,0,1,1,1,0,1,0,0
2018-02460,0,1,1,1,1,1,1,1,0,1,0
2018-01118,1,0,1,1,1,0,0,1,1,0,0
2018-01764,1,1,1,0,1,0,1,1,0,1,0
2018-03305,1,0,1,1,1,0,1,1,0,0,0
2018-01119,1,0,0,1,1,0,0,1,1,0,0
2018-01605,1,1,0,1,1,1,1,0,1,0,0
2018-02071,1,1,1,1,1,0,1,1,1,1,1
2018-02345,1,0,1,1,1,0,1,0,1,0,0
2018-04180,1,0,1,0,1,1,1,0,1,0,0
2018-00484,0,1,1,1,1,0,1,0,1,0,0
2018-02723,1,1,1,1,0,0,0,1,0,1,0
2018-02361,1,1,1,1,0,0,1,0,1,0,0
2018-03222,1,0,1,1,1,1,1,0,1,0,0
2018-02501,0,0,0,0,1,1,1,0,0,0,0
2018-03628,0,1,1,0,1,1,1,0,1,0,0
2018-03229,1,0,1,0,1,0,0,0,1,0,0
2018-03811,1,1,1,1,1,1,1,0,1,1,0
2018-00087,1,0,1,0,1,0,1,0,0,0,0
2018-00834,1,1,1,1,1,0,0,1,1,0,0
2018-01385,1,1,1,0,1,1,1,1,0,0,0
2018-02360,1,0,0,1,1,0,1,0,1,0,0
2018-03765,1,1,1,0,1,0,1,0,1,0,0
2018-01331,0,1,0,0,1,0,1,0,0,0,0
2018-00712,1,1,1,1,1,0,1,0,0,0,1
2018-02602,1,1,1,0,1,1,1,1,1,0,0
2018-02550,1,0,1,1,1,0,1,0,0,0,0
2018-03271,1,1,1,0,1,0,1,0,0,1,0
2018-00028,1,1,1,0,1,0,1,1,0,0,0
2018-02962,1,1,1,1,1,1,1,0,0,0,0
2018-01275,1,1,1,0,1,1,0,0,1,1,0
2018-00328,1,1,0,1,1,0,1,0,1,0,0
2018-03493,0,1,1,1,1,0,1,1,1,0,0
2018-00393,1,1,1,0,1,0,1,0,1,0,0
2018-02829,1,1,0,1,1,0,1,1,0,0,0
2018-04101,0,1,1,0,1,0,1,0,1,0,0
2018-03163,1,1,1,0,1,1,1,0,1,0,0
2018-03674,1,1,1,0,1,1,1,0,0,1,0
2018-02204,0,1,1,0,1,0,1,0,0,0,0
2018-04175,1,0,1,0,1,1,0,1,1,1,0
2018-04080,1,1,1,0,0,1,1,1,1,0,0
2018-03179,1,1,1,0,1,1,1,0,1,0,0
2018-03446,1,1,1,1,0,1,0,1,1,0,0
2018-01803,1,1,1,1,1,0,1,1,0,0,0
2018-01049,1,0,1,0,0,0,1,0,1,1,0
2018-03849,1,0,1,0,1,0,0,0,1,0,0
2018-01921,1,0,1,0,1,0,1,0,1,0,0
2018-01324,0,1,1,1,1,1,1,0,1,0,0
2018-03451,1,0,1,1,1,0,1,0,1,1,0
2018-00080,1,1,1,0,1,1,1,1,0,0,0
2018-01532,1,1,1,1,1,0,1,0,0,0,1
2018-00413,1,0,1,1,1,0,0,1,1,0,0
2018-03887,1,1,0,1,0,0,1,0,1,0,0
2018-01808,1,0,1,0,1,0,1,0,1,0,0
2018-03187,1,0,1,1,1,0,0,1,1,0,0
2018-01592,1,1,0,1,1,1,0,0,1,0,0
2018-03426,0,1,1,1,1,0,1,0,1,0,0
2018-02632,1,1,1,1,0,0,0,0,1,1,0
2018-00019,1,0,1,1,1,0,1,1,1,0,0
2018-02444,1,1,1,0,1,1,1,1,1,0,0
2018-02890,1,1,1,0,1,1,1,0,1,0,0
2018-00183,1,0,1,0,1,0,0,1,1,0,0
2018-04126,1,1,1,1,1,1,1,0,1,0,1
2018-04032,1,1,1,1,1,0,0,0,1,1,0
2018-01166,1,1,0,0,1,0,0,1,0,0,0
2018-00373,1,0,1,1,1,1,1,1,0,0,1
2018-03789,0,1,0,1,1,1,1,0,0,0,0
2018-04109,1,0,1,0,1,0,1,1,1,0,0
2018-02790,1,1,1,0,1,1,1,1,0,1,1
2018-02089,1,0,1,1,1,1,1,0,1,0,0
2018-00521,1,1,0,0,1,0,1,0,1,1,0
2018-01929,1,0,1,1,1,0,1,0,1,0,0
2018-04225,1,1,1,0,1,0,1,0,1,0,0
2018-00861,1,1,1,0,1,1,1,1,1,0,0
2018-00767,1,1,0,0,0,0,0,1,0,0,1
2018-02141,0,0,1,0,1,0,1,0,1,0,0
2018-04312,1,1,1,0,1,0,1,0,1,1,0
2018-00017,0,1,1,1,0,0,1,0,0,0,0
2018-03772,1,1,1,0,1,0,0,1,1,0,0
2018-01407,1,0,1,1,0,0,0,1,1,0,0
2018-03592,1,1,0,0,0,0,0,0,1,0,0
2018-01057,1,0,1,0,1,0,1,0,1,0,0
2018-01473,1,0,1,1,1,0,1,0,1,0,1
2018-00617,1,1,1,0,1,0,0,0,0,1,0
2018-01918,1,1,1,0,0,0,0,0,1,0,0
2018-01695,1,1,1,1,1,1,0,0,0,0,0
2018-02841,1,1,1,0,1,0,1,1,0,0,0
2018-03017,0,1,0,1,1,1,1,0,0,1,0
2018-00436,0,1,0,0,1,0,1,0,0,0,0
2018-02506,0,1,1,0,1,0,0,0,0,0,0
2018-03419,1,1,1,1,0,0,0,1,1,0,0
2018-03418,1,0,1,1,1,0,0,1,1,1,0
2018-02895,0,0,1,0,1,0,1,1,1,1,0
2018-03375,0,0,0,0,1,1,1,0,1,0,0
2018-00278,0,0,1,1,1,0,1,0,1,1,0
2018-01980,1,1,0,0,1,0,1,0,1,0,0
2018-03656,1,0,1,0,1,1,1,0,0,0,0
2018-02840,1,1,1,1,1,0,0,0,1,0,0
2018-02911,0,1,1,1,1,0,1,1,1,0,0
2018-00547,1,1,0,0,1,1,1,0,1,0,0
2018-02177,1,0,1,1,0,0,0,0,0,1,0
2018-00466,0,1,0,1,1,1,0,1,0,1,1
2018-02285,1,1,1,0,1,0,1,0,1,1,0
2018-02536,1,0,1,1,0,0,0,1,0,0,0
2018-01548,1,0,1,0,1,0,1,1,1,0,0
2018-02385,0,0,1,0,1,0,1,0,0,0,0
2018-03328,1,1,1,0,1,0,1,0,1,0,0
2018-01288,0,1,0,0,1,1,1,0,1,0,0
2018-04049,1,1,1,1,1,0,1,0,1,0,0
2018-01189,1,0,1,0,0,1,1,0,1,0,0
2018-01128,1,1,0,1,1,0,1,0,1,0,0
2018-04154,0,0,1,1,1,1,1,0,1,1,0
2018-00493,1,1,1,1,1,0,1,0,1,0,0
2018-02579,1,1,1,1,1,1,1,1,1,0,0
2018-02959,1,1,1,1,1,1,1,0,1,0,0
2018-03837,1,0,1,0,1,0,1,1,1,0,1
2018-01968,1,1,1,1,1,0,1,0,1,0,0
2018-00699,0,1,0,0,1,0,0,0,0,0,0
2018-00701,1,1,1,0,1,1,0,0,1,1,1
2018-04013,1,0,1,0,1,1,1,0,0,1,0
2018-00195,1,1,1,1,0,0,1,1,1,0,0
2018-02295,1,1,1,0,1,1,0,0,1,1,0
2018-01141,1,0,1,0,1,1,1,0,1,0,1
2018-03972,1,0,0,0,0,0,1,1,1,0,0
2018-01016,1,1,0,1,1,1,0,0,0,0,0
2018-02554,0,1,0,1,1,1,1,1,0,1,0
2018-01658,1,1,0,0,1,1,1,0,1,0,0
2018-02643,1,0,1,1,1,0,1,0,1,0,0
2018-03562,1,1,1,0,1,0,0,1,1,1,0
2018-01666,1,1,1,1,1,1,1,1,0,0,1
2018-01471,1,0,1,1,0,1,0,1,0,1,0
2018-02577,1,0,0,0,1,1,1,0,1,0,0
2018-03031,1,1,1,1,0,0,1,0,1,0,0
2018-02197,1,0,1,0,1,0,1,1,1,0,1
2018-03156,1,0,1,1,1,0,1,1,1,0,0
2018-01903,1,0,1,0,1,1,1,0,1,0,0
2018-00348,1,0,1,1,1,0,1,0,1,0,0
2018-02485,1,1,0,1,1,0,1,0,1,0,0
2018-02833,1,0,1,1,1,1,1,0,1,0,1
2018-01306,1,0,1,1,1,0,1,0,1,0,0
2018-03035,1,1,1,0,0,0,1,1,1,0,0
2018-01926,1,0,0,0,1,1,1,0,1,0,0
2018-00672,1,1,1,0,1,0,0,0,1,0,0
2018-04024,1,1,1,1,1,0,1,1,1,0,0
2018-02198,1,1,0,1,1,0,1,0,1,0,0
2018-01318,1,1,1,1,0,0,0,1,1,0,0
2018-00389,1,1,0,0,1,0,1,0,1,0,0
2018-03341,1,1,1,0,1,1,1,0,1,0,0
2018-04376,1,1,0,0,1,0,0,0,0,0,0
2018-01879,1,1,1,0,0,0,1,0,0,0,0
2018-04212,0,0,1,0,1,1,1,0,1,0,0
2018-01527,1,1,1,0,1,0,0,1,1,0,0
2018-01572,1,1,1,0,1,0,1,1,1,1,0
2018-01146,1,1,0,1,1,1,1,0,1,0,0
2018-02979,1,1,1,1,1,1,1,0,1,1,0
2018-00510,1,0,1,1,0,0,1,0,1,0,0
2018-02802,1,0,1,0,0,0,1,0,1,0,1
2018-04121,1,1,1,0,1,0,1,0,1,0,0
2018-02465,1,1,1,1,1,1,1,1,0,0,0
2018-03711,0,1,1,1,1,1,1,0,1,0,0
2018-03326,1,1,1,1,1,1,1,1,1,1,1
2018-02794,1,1,0,0,1,1,1,0,1,0,0
2018-00676,1,1,1,0,0,1,1,1,1,1,0
2018-00352,1,0,1,1,1,0,1,0,1,0,0
2018-01646,0,0,1,1,1,0,1,1,1,0,0
2018-03429,1,1,1,1,0,1,1,1,1,1,1
2018-01995,1,0,1,0,1,1,1,1,1,0,0
2018-03369,1,1,1,1,1,0,1,1,1,0,0
2018-03881,1,0,1,0,1,0,1,0,1,0,0
2018-03438,0,1,0,0,1,0,0,0,1,0,0
2018-04284,1,0,1,0,1,1,1,1,1,0,0
2018-03901,1,1,1,0,1,0,0,0,1,0,0
2018-01257,1,1,1,1,1,0,1,1,1,0,0
2018-03695,1,1,1,1,1,0,1,1,1,0,0
2018-00474,1,1,1,0,1,1,1,1,0,1,0
2018-00564,1,0,1,0,1,0,1,0,1,0,0
2018-00341,1,1,1,1,0,0,0,1,1,0,0
2018-00073,1,0,0,0,1,0,1,1,1,0,0
2018-02417,0,1,0,1,1,0,1,1,1,0,0
2018-03608,1,1,1,0,1,0,1,1,1,0,0
2018-03344,1,0,1,0,1,0,1,0,1,0,0
2018-01786,1,1,1,0,1,1,1,1,1,1,0
2018-00731,1,0,0,1,1,1,1,0,0,0,0
2018-00673,1,1,1,1,1,1,0,0,1,0,0
2018-00928,1,0,1,1,1,0,1,1,1,0,0
2018-02406,1,1,1,1,0,1,0,1,1,0,0
2018-00320,1,1,1,0,0,0,0,0,1,0,0
2018-01172,1,0,1,1,1,0,1,1,0,0,0
2018-00568,1,0,0,1,1,1,1,1,1,0,0
2018-03988,1,0,1,1,1,0,1,0,1,0,0
2018-00748,0,1,1,1,0,0,1,0,0,0,0
2018-03401,1,1,1,1,1,0,1,0,1,1,0
2018-00355,1,1,1,0,1,1,1,0,1,0,0
2018-03508,1,1,0,1,1,0,1,0,1,1,0
2018-03228,1,1,1,0,1,1,1,1,1,0,0
2018-01098,1,0,1,0,1,0,1,1,1,0,0
2018-03964,1,1,1,0,1,1,1,1,1,1,0
2018-01425,1,1,1,0,0,0,1,1,1,0,0
2018-00299,1,1,1,0,1,0,1,1,0,0,0
2018-03359,1,0,1,1,1,1,1,0,1,0,0
2018-01650,0,1,1,1,1,1,0,0,1,0,0
2018-04283,1,1,1,1,1,0,0,1,1,0,0
2018-02031,1,1,1,0,0,0,0,0,1,0,0
2018-00593,1,1,1,0,1,0,1,0,1,0,0
2018-03029,1,1,1,0,1,1,1,1,1,0,0
2018-03638,0,1,1,0,1,1,1,0,1,0,0
2018-00039,0,0,0,0,1,0,1,0,1,1,1
2018-01422,1,1,1,0,1,1,1,1,1,0,1
2018-02626,1,0,1,1,0,0,1,1,0,0,0
2018-00134,1,0,1,1,1,0,0,0,0,0,0
2018-02189,1,1,1,1,0,0,1,0,1,0,0
2018-00966,1,1,0,1,1,1,1,0,1,1,0
2018-01457,0,0,0,1,1,1,1,1,1,1,0
2018-00643,1,0,1,1,1,1,1,0,1,0,0
2018-00489,1,1,1,0,1,0,1,0,1,0,0
2018-03669,0,0,0,1,1,1,1,1,1,0,0
2018-01373,0,0,1,1,1,0,1,0,1,0,0
2018-00439,1,0,1,1,1,1,0,1,0,0,0
2018-01012,0,1,0,0,1,1,1,1,1,0,0
2018-02936,0,0,0,1,1,0,1,0,1,0,1
2018-04204,1,1,1,1,1,1,0,1,1,0,0
2018-04338,0,0,0,0,1,0,1,0,0,0,0
2018-03218,0,1,1,0,1,0,1,0,1,0,0
2018-02863,1,0,1,0,1,1,0,0,1,0,1
2018-03288,0,0,1,1,0,0,1,0,1,1,0
2018-02422,1,1,1,0,1,0,1,1,0,0,1
2018-03604,1,1,1,1,1,0,1,0,1,0,0
2018-01778,0,1,1,0,1,0,1,0,1,0,0
2018-03106,1,1,0,1,1,1,1,1,1,1,1
2018-01638,1,1,1,1,1,0,1,1,1,1,0
2018-03023,0,0,1,0,1,0,0,1,1,0,0
2018-01093,1,1,1,0,1,1,1,0,0,1,0
2018-02346,1,0,0,1,1,0,1,1,0,0,0
2018-00616,1,1,0,0,1,1,1,0,0,0,0
2018-02076,1,1,0,0,1,0,1,0,1,1,0
2018-00690,1,0,1,0,1,0,1,0,1,1,0
2018-01103,1,0,1,1,1,1,0,1,1,0,0
2018-00082,1,0,1,1,0,0,0,1,1,0,0
2018-03349,1,1,1,1,1,0,1,0,1,0,0
2018-02616,0,1,1,1,1,0,1,1,1,0,1
2018-02088,0,1,1,0,1,0,1,0,0,0,0
2018-01218,0,0,1,1,1,1,1,0,1,0,0
2018-03999,1,1,1,1,1,0,1,0,1,0,0
2018-01922,1,0,1,1,1,1,1,0,1,0,1
2018-00377,1,1,1,1,1,1,0,0,0,0,0
2018-01256,1,1,1,1,1,0,1,0,1,0,0
2018-03466,1,0,1,0,1,0,1,0,0,0,0
2018-03694,1,1,1,1,1,0,1,0,1,0,0
2018-01310,1,1,1,0,1,1,1,0,1,0,0
2018-03558,1,0,1,1,1,0,1,0,1,0,0
2018-02884,0,1,1,0,1,1,1,0,1,0,0
2018-03612,0,1,1,1,1,1,1,0,0,0,0
2018-01831,1,0,1,1,0,1,0,1,1,0,0
2018-04143,1,1,1,1,1,1,1,0,0,0,0
2018-01920,1,1,1,1,1,1,1,0,1,1,0
2018-03306,1,1,1,0,1,1,1,0,1,1,0
2018-03048,0,1,1,1,0,0,1,1,1,0,0
2018-00250,1,1,1,0,1,0,1,1,1,0,0
2018-00038,1,1,1,1,1,1,1,1,1,0,0
2018-00079,1,0,1,1,1,0,1,0,1,1,0
2018-02193,1,0,1,1,1,0,0,1,1,0,0
2018-01206,1,1,1,0,0,0,1,1,0,1,0
2018-01494,0,1,0,0,1,0,1,0,0,0,0
2018-01834,1,1,1,1,1,0,1,0,1,0,0
2018-01899,0,1,1,0,1,1,1,0,1,0,0
2018-02034,1,0,1,0,1,0,0,0,1,0,0
2018-00505,1,0,1,0,1,0,1,0,1,0,0
2018-01947,1,0,0,1,1,1,1,0,1,0,0
2018-03530,1,1,0,0,1,1,0,0,0,0,0
2018-00640,1,0,0,0,1,0,1,0,0,0,1
2018-02933,1,1,1,1,0,0,1,0,1,1,1
2018-03536,1,1,1,1,1,1,1,1,1,1,0
2018-03012,1,1,1,0,1,1,1,0,1,0,0
2018-00929,1,0,0,0,1,0,1,0,1,0,0
2018-01948,1,1,1,0,0,1,0,1,1,0,0
2018-01950,0,1,1,0,1,1,1,0,1,0,0
2018-00129,1,1,1,1,1,1,1,0,1,0,0
2018-00784,1,0,1,0,0,0,1,0,0,0,1
2018-03523,1,1,0,1,1,1,1,1,1,0,0
2018-00379,1,1,1,1,1,1,0,1,0,0,1
2018-00453,1,1,0,1,1,0,1,0,1,0,1
2018-00233,1,1,0,1,1,1,1,0,0,0,0
2018-00050,0,0,1,0,1,0,1,0,1,0,0
2018-03056,1,1,0,0,1,0,1,1,1,0,0
2018-01809,1,1,0,0,1,0,1,0,1,1,0
2018-02698,0,1,0,0,1,1,1,0,0,0,0
2018-01700,1,1,1,0,0,0,1,0,1,0,0
2018-02847,0,1,0,1,1,1,1,1,0,1,0
2018-03096,1,1,1,0,1,1,0,0,1,0,0
2018-02858,1,1,1,1,1,1,1,0,0,0,0
2018-00927,1,1,1,0,1,1,1,1,1,0,1
2018-02732,1,1,1,0,1,0,1,1,1,0,0
2018-00705,1,1,1,1,0,1,1,1,1,1,0
2018-02889,1,0,1,0,1,0,0,1,1,0,0
2018-01240,1,1,0,0,1,1,1,1,1,0,0
2018-03553,1,1,1,1,1,1,1,0,1,0,0
2018-04079,1,1,1,1,1,0,0,1,1,1,0
2018-01265,1,1,0,0,0,1,1,0,0,0,0
2018-00018,1,1,1,0,1,0,1,0,1,1,0
2018-00358,1,0,1,0,1,0,1,0,1,0,0
2018-02621,0,1,1,0,1,0,1,1,1,0,0
2018-02971,1,1,1,0,1,1,1,0,0,1,0
2018-04330,1,1,1,0,1,1,1,1,1,1,0
2018-01513,1,1,1,1,0,1,1,0,1,0,0
2018-00743,1,0,1,0,0,1,1,1,1,0,0
2018-00930,0,0,0,1,1,0,1,1,1,0,1
2018-01703,1,1,1,0,1,0,1,0,1,1,0
2018-04378,1,1,1,0,1,1,1,0,1,1,0
2018-00525,1,1,1,1,1,0,1,0,1,0,0
2018-01345,1,0,0,0,1,0,1,0,1,0,0
2018-01380,1,1,1,1,1,1,1,0,1,0,0
2018-03435,1,1,1,1,1,0,1,0,0,0,0
2018-01508,0,1,1,0,1,0,0,1,0,0,0
2018-01952,1,1,1,1,1,1,0,1,1,0,0
2018-00563,1,1,1,0,1,0,1,0,1,0,0
2018-00033,1,1,0,1,1,0,1,1,1,1,0
2018-02575,1,0,1,0,1,0,1,0,1,0,0
2018-00831,1,0,1,0,1,1,0,1,1,0,0
2018-02986,1,0,1,0,1,0,1,0,1,0,1
2018-02510,1,1,1,0,1,1,1,0,1,0,0
2018-03265,1,1,1,0,1,1,1,0,1,1,0
2018-01901,1,1,0,0,1,1,1,0,1,0,0
2018-02229,1,0,1,1,1,1,1,0,0,0,0
2018-03759,1,1,1,0,1,0,1,0,1,0,0
2018-01430,0,1,1,1,1,0,1,0,1,0,0
2018-00607,1,0,1,1,1,0,1,0,1,0,0
2018-03052,1,0,1,0,1,1,1,0,1,0,0
2018-00009,1,0,1,1,1,1,0,1,1,0,0
2018-00360,1,1,1,0,0,1,1,0,1,1,0
2018-01503,1,0,1,0,1,0,1,1,1,0,0
2018-03718,1,1,1,1,0,1,1,1,1,0,1
2018-04235,1,1,1,1,1,0,1,1,1,0,1
2018-00031,1,1,1,1,1,1,1,1,1,0,0
2018-03621,1,1,1,0,0,1,1,1,1,0,0
2018-00796,1,1,1,0,1,1,1,1,1,0,0
2018-01106,1,1,0,0,1,0,1,0,1,0,0
2018-03800,1,0,1,0,1,1,1,0,1,0,0
2018-01033,1,1,0,0,1,1,1,0,1,0,0
2018-01370,1,0,1,1,1,0,1,0,1,0,0
2018-03677,1,0,1,1,1,1,1,0,1,0,0
2018-02377,1,1,1,1,1,1,0,1,0,0,0
2018-03947,1,0,1,0,1,0,1,0,1,0,0
2018-01021,1,0,1,0,1,0,1,1,1,0,0
2018-02803,1,1,0,1,1,1,1,0,0,1,0
2018-02527,1,1,1,0,1,1,1,1,1,0,0
2018-04188,1,0,1,1,1,0,0,1,1,0,0
2018-03251,1,1,1,1,1,0,1,1,0,0,0
2018-02122,1,1,1,1,0,1,1,1,1,0,0
2018-02598,1,0,1,0,1,0,1,0,0,0,0
2018-02393,0,1,1,1,0,1,1,0,0,1,0
2018-04308,1,0,1,1,1,0,1,0,1,0,0
2018-03311,0,0,1,1,1,0,1,0,0,0,1
2018-01248,1,1,0,0,1,0,1,0,1,0,0
2018-01693,1,0,1,1,0,0,1,0,1,1,0
2018-03302,1,0,1,0,1,0,1,0,1,0,0
2018-03827,1,0,1,1,1,1,0,1,0,1,0
2018-02333,1,1,1,1,0,0,1,1,1,0,0
2018-02480,1,1,0,0,1,0,1,1,1,0,0
2018-02923,1,0,1,0,1,1,0,1,1,0,0
2018-01716,1,0,1,0,0,0,0,1,1,0,0
2018-01181,1,0,1,0,1,1,1,1,0,0,0
2018-03244,1,0,1,0,1,0,1,0,1,0,0
2018-03991,1,0,1,0,1,1,1,0,1,0,0
2018-02357,1,1,1,1,1,1,1,0,1,0,0
2018-02084,1,0,1,0,1,1,0,1,1,1,0
2018-02605,1,1,1,1,1,1,1,1,0,1,0
2018-00720,1,0,1,0,1,0,1,0,0,0,0
2018-01625,1,0,1,0,1,1,1,0,0,1,0
2018-01134,0,1,1,0,1,0,1,0,1,0,0
2018-00051,1,1,1,0,1,0,1,0,1,0,1
2018-02730,1,0,0,0,1,0,1,1,1,0,0
2018-03008,0,1,1,0,1,1,1,0,1,1,0
2018-01437,1,1,0,0,1,1,1,1,1,0,0
2018-02362,1,1,1,1,0,0,0,1,1,0,0
2018-04293,1,1,1,1,0,1,0,0,1,0,0
2018-00269,1,0,1,1,1,0,0,0,0,0,0
2018-02129,1,1,1,1,1,1,1,0,1,0,1
2018-00308,1,1,1,0,1,1,1,1,1,0,0
2018-04162,1,1,1,1,1,0,1,0,0,0,0
2018-03906,1,1,0,0,1,0,1,0,1,1,0
2018-02672,1,1,1,1,1,0,0,0,1,0,1
2018-03507,1,0,1,1,0,0,1,0,1,0,0
2018-01268,1,1,0,0,1,1,0,0,1,0,0
2018-02660,1,0,1,0,1,0,1,0,1,0,0
2018-01888,0,1,1,1,1,1,1,1,0,0,0
2018-02264,1,1,1,0,1,0,1,0,1,1,0
2018-02437,1,1,1,0,1,1,1,0,1,0,0
2018-01282,1,0,0,0,1,1,1,0,0,0,0
2018-03688,1,1,0,1,1,0,1,0,1,0,0
2018-02668,1,0,1,0,1,0,0,1,1,0,0
2018-03590,1,1,1,0,1,0,1,0,1,0,0
2018-02535,1,0,1,0,1,0,0,0,0,0,0
2018-01319,0,1,0,1,1,1,0,0,1,0,0
2018-01446,1,0,1,1,1,0,1,0,0,0,0
2018-03519,1,1,0,0,1,0,1,0,1,0,1
2018-01359,1,1,1,0,1,0,1,0,1,0,0
2018-03336,1,1,1,0,1,1,1,1,1,0,0
2018-03032,1,0,1,1,1,0,0,0,1,0,0
2018-00306,1,1,1,0,0,1,1,0,1,0,1
2018-02585,1,0,0,0,1,1,1,0,1,0,0
2018-01771,1,1,1,1,1,1,1,0,1,1,0
2018-01842,1,1,1,1,1,0,0,1,1,0,0
2018-00366,0,1,1,1,1,1,1,0,1,0,0
2018-01688,1,1,0,1,1,1,1,1,1,0,0
2018-00771,1,1,1,1,1,0,1,1,1,0,0
2018-01109,0,1,1,1,1,0,1,1,1,0,1
2018-00514,1,0,1,1,0,0,0,0,0,1,0
2018-02877,1,1,1,1,1,1,1,1,1,1,1
2018-01355,1,0,1,0,0,0,1,0,1,0,0
2018-01087,1,0,1,1,0,0,0,1,1,0,0
2018-01505,1,1,0,1,1,1,1,0,1,0,0
2018-01105,1,0,1,1,0,0,0,1,1,0,0
2018-02965,0,1,1,0,1,1,1,1,1,1,0
2018-03470,0,0,1,0,1,1,1,1,1,0,0
2018-03173,1,0,1,1,1,1,1,1,1,0,0
2018-03568,1,1,1,0,1,0,1,1,1,0,0
2018-00231,1,0,1,0,1,1,1,0,1,1,0
2018-02587,1,1,1,0,1,1,1,1,1,0,0
2018-01976,1,1,1,1,1,1,1,1,0,1,1
2018-01898,1,1,0,0,1,1,0,0,1,0,0
2018-00824,1,1,1,1,1,0,1,1,1,1,1
2018-00923,1,0,1,0,1,0,0,0,0,0,0
2018-02771,1,1,0,0,1,0,1,0,1,0,0
2018-03894,1,1,1,1,1,0,1,0,0,0,0
2018-00224,1,1,1,0,1,0,1,0,1,0,0
2018-01460,1,0,1,0,1,0,1,0,0,0,0
2018-02325,0,1,0,0,1,1,0,0,0,0,0
2018-00386,1,1,1,0,1,1,0,0,1,0,0
2018-01626,1,1,1,1,1,0,1,0,1,0,0
2018-02978,1,1,1,1,1,1,1,1,1,0,0
2018-03370,1,1,1,0,1,0,1,0,0,0,0
2018-02793,1,0,1,0,1,0,1,0,0,0,0
2018-02806,0,1,1,0,1,1,1,0,1,0,1
2018-01063,1,1,1,0,1,0,0,0,1,0,0
2018-02721,1,0,1,0,1,1,1,0,1,0,0
2018-04171,1,0,1,0,1,0,1,0,0,0,0
2018-03461,0,1,0,1,1,1,1,1,1,0,0
2018-02991,1,1,1,0,1,0,0,0,1,1,0
2018-01969,1,0,1,1,1,0,1,1,1,0,0
2018-04084,1,1,1,0,1,0,1,1,1,0,0
2018-00150,1,0,1,1,1,0,1,1,0,0,0
2018-01813,1,1,0,0,0,0,1,1,1,0,0
2018-02146,1,0,1,0,1,0,0,1,0,0,0
2018-00030,1,1,1,1,1,0,1,1,1,1,0
2018-01414,1,1,1,1,0,0,0,1,0,0,0
2018-02334,0,0,0,1,1,0,1,0,1,1,0
2018-01960,0,1,1,0,1,0,1,0,0,0,0
2018-01050,0,1,1,0,1,1,1,0,1,0,0
2018-00220,0,1,1,1,1,0,1,1,0,0,0
2018-03900,1,0,0,1,1,1,1,0,1,1,0
2018-01670,1,1,1,0,1,1,1,0,0,0,0
2018-00458,1,1,1,0,1,0,1,1,0,0,0
2018-03136,1,0,1,0,1,1,1,0,0,0,0
2018-00247,1,1,1,1,1,0,1,0,1,0,0
2018-00803,1,1,1,0,1,0,1,0,1,0,0
2018-01877,1,0,1,1,1,0,1,0,1,0,0
2018-01032,0,1,1,1,1,1,1,1,1,0,0
2018-00545,1,1,1,0,1,1,0,1,0,0,0
2018-01721,1,1,0,1,1,0,0,1,0,0,0
2018-00404,1,1,1,1,1,0,1,1,1,0,0
2018-00236,0,1,0,0,1,1,1,0,0,1,0
2018-00800,1,1,1,0,1,0,0,1,1,1,0
2018-00762,1,1,1,1,1,0,0,1,1,0,0
2018-01007,1,1,1,1,1,0,1,0,1,0,0
2018-02380,1,0,1,1,1,0,1,1,1,1,0
2018-03895,0,0,1,0,1,0,1,0,1,0,0
2018-03787,1,0,1,1,1,1,1,0,1,0,0
2018-03208,1,1,0,0,1,0,1,0,0,0,0
2018-00055,1,1,1,0,1,1,1,0,0,0,0
2018-02190,1,1,1,1,1,0,1,0,0,0,0
2018-00070,1,1,1,1,1,1,1,0,1,0,0
2018-03813,0,0,0,1,1,0,1,0,0,0,0
2018-03141,1,1,1,0,1,1,0,1,1,1,0
2018-00765,1,1,1,1,1,0,1,1,1,0,0
2018-02540,1,0,1,1,1,1,1,1,0,0,0
2018-03958,1,1,1,0,1,0,1,1,0,0,0
2018-02137,1,0,1,0,1,1,1,1,1,0,0
2018-02846,1,1,1,1,1,1,1,1,0,0,0
2018-02043,1,1,1,1,1,1,1,1,1,0,0
2018-01529,1,1,1,1,1,1,1,0,1,0,0
2018-01186,1,1,1,1,1,0,1,1,0,1,0
2018-03618,1,1,1,0,1,0,1,0,0,0,0
2018-03485,1,1,1,1,1,1,1,1,0,1,1
2018-03178,1,1,1,1,1,1,1,1,1,0,0
2018-00542,1,1,1,1,1,1,0,0,0,1,1
2018-00815,1,1,1,1,1,0,1,0,1,1,0
2018-03408,0,1,1,1,1,0,1,0,1,0,0
2018-01647,1,0,1,0,0,0,1,0,1,0,0
2018-02479,1,0,1,1,1,0,1,0,1,0,0
2018-01272,1,1,1,1,0,1,1,0,1,0,0
2018-02932,1,1,1,1,1,0,0,1,1,0,0
2018-02520,1,1,1,0,1,1,1,0,1,1,0
2018-03039,0,0,0,0,1,1,1,0,0,0,0
2018-01322,1,1,1,0,1,0,0,1,1,0,0
2018-00356,1,1,1,1,1,1,1,0,0,1,0
2018-00368,1,1,1,1,1,0,0,0,0,0,0
2018-04251,1,1,1,1,0,0,1,0,1,0,0
2018-02309,1,1,1,1,1,0,1,1,1,0,0
2018-00367,1,1,0,1,1,1,0,0,0,0,0
2018-03273,1,0,1,0,1,1,0,0,1,0,0
2018-01768,1,1,1,1,1,1,0,1,1,0,0
2018-01705,1,1,1,1,1,0,1,1,1,0,1
2018-02281,1,0,1,0,1,1,1,0,1,0,0
2018-03422,1,1,1,0,1,0,1,0,0,0,0
2018-01704,1,1,1,1,1,0,1,1,1,0,0
2018-00691,1,0,1,1,0,0,0,1,1,0,0
2018-02955,1,1,1,0,1,1,1,0,1,0,1
2018-03601,1,0,1,1,0,0,1,0,1,1,0
2018-00597,1,0,1,1,0,0,1,1,1,0,0
2018-03953,1,1,0,0,1,1,0,1,1,1,1
2018-03932,0,1,1,0,1,1,1,0,1,1,0
2018-03310,0,1,0,0,0,0,1,1,1,0,1
2018-03564,1,0,1,0,1,0,0,1,1,0,0
2018-04067,1,0,1,1,1,0,1,0,1,1,0
2018-01072,1,0,1,1,0,0,0,0,1,0,1
2018-01485,1,1,0,1,1,0,1,0,0,1,1
2018-00723,0,0,1,0,1,0,1,0,1,0,0
2018-01519,1,0,0,0,1,1,1,0,1,0,1
2018-02398,1,1,1,0,1,1,1,1,1,0,0
2018-03927,1,1,0,1,1,0,1,1,1,0,0
2018-02764,0,0,0,1,1,1,1,1,0,0,0
2018-02239,1,1,1,0,0,0,1,0,1,0,0
2018-03358,0,0,1,1,1,0,0,0,0,1,1
2018-01383,1,1,1,0,1,0,0,0,0,0,0
2018-00117,1,0,1,1,1,0,1,0,1,0,0
2018-03450,1,1,1,0,1,0,0,0,1,0,0
2018-02729,1,0,1,0,1,0,1,0,1,0,0
2018-00670,1,0,0,0,1,0,0,0,1,0,1
2018-01451,1,1,1,1,1,0,1,0,1,0,0
2018-02169,1,0,1,1,1,1,1,1,1,1,0
2018-03197,1,0,1,0,1,0,0,1,0,0,0
2018-03909,0,0,1,1,1,1,1,0,1,0,0
2018-03683,1,1,1,0,1,0,1,0,0,0,0
2018-03378,1,1,1,1,1,1,1,1,1,0,0
2018-00075,1,0,1,0,1,0,1,1,1,0,0
2018-01356,1,0,1,1,0,1,1,0,1,0,0
2018-00310,1,1,1,0,0,0,1,1,1,0,1
2018-02111,1,0,1,1,1,0,1,1,1,0,1
2018-02495,1,1,1,0,1,0,1,0,1,0,0
2018-01184,1,1,1,0,1,0,1,0,0,0,0
2018-02615,1,0,1,1,0,0,1,0,0,0,0
2018-01730,1,0,1,1,1,0,1,0,1,1,0
2018-01599,1,1,1,1,1,0,1,1,1,0,0
2018-03444,1,0,1,1,1,0,1,1,1,0,0
2018-00148,0,1,0,0,1,1,1,0,1,0,0
2018-03882,1,1,1,0,1,0,0,0,1,0,0
2018-00808,1,0,1,1,1,0,1,0,1,1,0
2018-00975,1,0,1,0,1,1,0,0,1,0,1
2018-00770,1,0,1,0,1,0,1,1,1,0,0
2018-02277,1,1,1,1,1,0,1,1,1,1,0
2018-01635,0,1,1,0,1,1,1,0,1,0,0
2018-03874,1,1,1,1,1,0,1,0,1,0,0
2018-03134,1,0,1,1,1,1,1,0,1,1,0
2018-01953,1,1,1,0,1,0,1,0,1,0,0
2018-03769,1,1,1,0,1,0,1,0,1,0,0
2018-04183,1,0,1,0,1,0,1,0,1,0,0
2018-00603,1,0,1,0,1,0,0,1,1,0,0
2018-00305,0,0,1,1,0,0,0,0,1,0,0
2018-04146,1,1,1,0,1,0,1,0,0,0,0
2018-00245,1,0,0,1,1,0,1,1,0,0,0
2018-03333,1,1,1,1,0,1,1,1,1,0,1
2018-03477,1,1,1,0,1,1,1,0,1,0,0
2018-00094,1,1,1,0,0,0,1,0,1,0,0
2018-01607,1,0,1,1,0,1,1,1,1,1,1
2018-04286,1,1,1,1,1,0,1,0,1,0,0
2018-02010,1,1,1,0,1,1,1,1,1,1,0
2018-02130,1,1,0,1,1,1,1,1,1,0,0
2018-00093,1,1,1,0,1,0,1,0,1,1,0
2018-00170,1,1,0,1,1,0,1,0,0,1,0
2018-00602,1,1,1,0,1,0,0,0,1,0,0
2018-02241,1,1,1,0,1,0,0,0,1,0,0
2018-00660,1,1,1,0,1,1,1,0,1,0,0
2018-01212,1,0,1,0,1,1,1,1,0,0,0
2018-00032,1,1,1,1,1,1,0,1,1,0,0
2018-00376,0,1,1,1,1,0,1,0,1,0,0
2018-03994,1,1,1,0,1,0,0,1,1,0,0
2018-02230,1,0,1,0,1,0,1,0,1,0,0
2018-01531,1,1,0,0,1,1,1,1,1,1,0
2018-04299,1,0,0,0,1,0,1,1,1,0,0
2018-02365,1,0,1,1,1,0,1,0,1,0,0
2018-03510,1,1,0,0,1,1,1,0,1,0,0
2018-04340,1,1,1,1,1,0,0,0,1,0,0
2018-01727,1,0,1,1,1,0,1,0,0,0,0
2018-04377,1,1,1,0,1,1,1,1,0,0,0
2018-01330,0,1,1,1,1,1,1,1,1,0,1
2018-03312,1,1,1,1,0,1,1,1,1,0,0
2018-01078,1,0,1,1,1,1,1,0,0,0,0
2018-00274,1,0,1,1,0,0,1,1,1,0,0
2018-01996,1,0,1,0,0,1,1,0,1,0,0
2018-01759,0,0,1,1,1,0,1,0,0,0,0
2018-02788,1,1,1,1,1,1,0,1,1,1,0
2018-03938,1,1,1,0,1,1,0,1,1,0,0
2018-01096,1,1,1,0,1,1,1,0,1,0,0
2018-01744,1,0,1,1,1,0,1,0,1,0,1
2018-02734,1,1,1,1,1,1,1,0,1,1,0
2018-03965,0,1,1,0,1,1,1,0,0,1,0
2018-03518,1,1,1,1,1,1,1,0,1,0,1
2018-02708,1,0,1,0,1,1,1,0,1,0,0
2018-00792,0,1,1,1,1,1,0,1,0,0,0
2018-01931,1,1,1,0,1,1,1,0,1,1,0
2018-03363,1,0,1,1,0,0,1,0,0,0,0
2018-03703,1,0,0,0,1,1,1,0,1,1,0
2018-03207,1,1,1,0,1,1,1,1,1,0,0
2018-00105,1,1,1,1,1,0,1,1,1,0,0
2018-02167,1,1,1,0,1,1,0,0,1,0,0
2018-02126,0,1,1,0,1,0,1,0,1,0,0
2018-03729,1,1,1,1,1,1,1,0,0,1,0
2018-04106,1,1,0,1,1,1,1,1,0,1,0
2018-00122,1,1,1,1,1,1,0,1,0,1,0
2018-00553,1,1,0,0,1,0,1,0,1,0,0
2018-00901,0,1,1,1,1,1,1,1,1,1,0
2018-02691,1,1,1,1,0,0,1,1,1,0,0
2018-03425,1,1,1,0,1,0,0,1,1,0,0
2018-00955,1,0,1,1,0,0,1,1,1,0,0
2018-04309,1,0,1,0,0,0,0,1,1,0,0
2018-04375,1,1,1,0,1,0,0,0,1,0,0
2018-02215,1,1,1,0,1,1,1,0,0,1,0
2018-01003,1,0,1,0,1,0,1,0,1,0,0
2018-01469,1,0,1,1,0,1,1,0,1,0,1
2018-01848,1,0,1,0,1,0,1,0,1,1,0
2018-00555,1,1,1,1,1,1,1,0,0,0,0
2018-03083,1,0,0,0,0,0,1,1,0,0,1
2018-04255,1,1,0,0,1,0,0,1,1,0,0
2018-00527,1,0,1,1,1,0,0,0,1,0,0
2018-02039,0,1,1,1,1,1,1,0,1,0,1
2018-00495,0,1,0,0,1,1,1,0,1,0,0
2018-00468,1,0,1,0,0,0,1,0,1,0,0
2018-02431,1,1,1,1,1,1,1,0,1,0,0
2018-02649,1,0,1,1,1,1,1,0,1,0,0
2018-04189,0,1,1,0,1,0,1,1,0,0,0
2018-03561,0,1,1,1,1,0,1,0,1,0,0
2018-02275,1,0,1,0,0,0,0,1,1,1,0
2018-03702,1,1,0,0,1,0,1,1,1,1,0
2018-03825,1,1,0,0,1,0,1,0,1,0,0
2018-00235,0,1,1,1,1,0,1,0,0,0,0
2018-00826,0,1,1,1,1,0,1,1,0,0,0
2018-00983,0,1,1,1,1,0,0,0,1,1,0
2018-02576,1,1,1,0,1,1,1,0,1,0,0
2018-04112,1,1,1,0,1,1,1,0,1,0,0
2018-02736,1,0,1,1,1,1,1,0,1,1,0
2018-00415,1,1,0,1,1,0,1,1,1,0,0
2018-00979,1,0,1,1,1,0,1,0,1,1,0
2018-02344,1,1,1,0,1,1,1,1,1,0,0
2018-00969,1,1,1,1,1,0,1,1,1,0,1
2018-04065,1,1,1,0,1,1,1,0,0,0,0
2018-00419,1,0,1,0,0,0,1,0,1,1,0
2018-03549,1,1,1,1,1,0,1,1,1,0,0
2018-03445,1,1,1,0,1,1,1,0,0,0,0
2018-00774,1,1,0,0,1,1,0,0,1,0,0
2018-01571,1,0,1,0,1,1,1,1,1,0,1
2018-04036,1,0,1,1,1,0,1,1,0,0,0
2018-02202,1,0,1,0,1,0,1,0,1,1,0
2018-03329,0,1,0,0,1,1,1,0,1,0,0
2018-03462,1,1,1,0,1,1,1,0,1,0,0
2018-02772,1,1,1,1,1,1,1,0,1,0,1
2018-00943,1,1,1,0,0,0,1,0,0,0,0
2018-00663,1,0,1,1,1,0,1,0,0,0,0
2018-04165,0,0,1,0,1,0,1,0,0,0,0
2018-04331,1,1,1,0,1,0,1,0,1,0,0
2018-03678,1,0,1,0,1,0,1,0,1,0,0
2018-04012,1,1,1,0,1,0,1,0,1,0,0
2018-02037,0,0,0,0,1,1,1,1,1,1,1
2018-02132,1,1,0,0,1,1,1,1,1,1,0
2018-03804,1,1,1,0,1,1,1,0,1,0,0
2018-00531,1,0,1,0,1,0,1,1,1,0,0
2018-02047,1,1,1,0,1,1,1,0,1,0,0
2018-01337,0,1,1,0,1,1,1,0,1,0,0
2018-02848,1,1,0,0,1,1,1,0,1,0,0
2018-02045,1,1,1,1,0,0,1,0,0,0,0
2018-04250,1,0,1,0,0,0,0,0,1,0,0
2018-00953,1,1,1,1,1,1,1,0,1,0,0
2018-00819,1,0,1,0,1,1,1,1,0,0,0
2018-03399,1,1,1,1,1,1,0,0,0,0,0
2018-02870,1,1,1,1,0,0,0,1,1,0,0
2018-00888,0,1,1,0,1,0,1,0,1,0,0
2018-02372,0,1,0,1,0,0,1,0,1,0,0
2018-00230,1,1,1,0,1,0,1,1,1,0,0
2018-03379,1,0,1,1,1,0,1,1,1,0,0
2018-00035,1,1,1,0,1,1,0,1,1,1,0
2018-04025,0,1,0,1,1,1,1,1,1,0,0
2018-01431,1,0,1,1,1,0,1,0,1,0,0
2018-04177,1,0,1,1,1,1,1,0,1,0,0
2018-00951,1,1,1,1,0,0,1,1,1,0,0
2018-04362,1,1,1,1,1,1,0,0,1,0,0
2018-00974,1,1,1,1,1,0,1,0,1,0,0
2018-04191,1,0,1,1,0,0,1,1,0,0,0
2018-01418,0,1,1,1,1,0,1,0,1,0,0
2018-02645,1,1,1,0,1,1,1,0,1,0,0
2018-00686,1,0,1,0,1,0,1,0,1,0,0
2018-01624,1,1,1,0,1,1,1,1,1,0,0
2018-04117,1,1,1,0,1,0,1,0,1,0,1
2018-02866,0,1,1,0,1,1,1,1,1,0,0
2018-02784,1,1,1,0,1,1,1,1,1,1,0
2018-03084,0,1,1,0,1,0,1,0,0,0,0
2018-02115,1,1,1,1,1,0,1,1,1,0,0
2018-01826,1,1,1,1,1,0,1,0,1,0,0
2018-02600,1,1,1,0,1,1,1,0,1,0,0
2018-02860,1,1,0,0,1,0,1,0,1,1,0
2018-01055,1,0,1,0,1,0,1,0,1,0,0
2018-00588,0,0,1,0,1,0,1,0,0,1,0
2018-03666,1,0,1,0,1,0,1,0,0,0,0
2018-02440,1,1,1,1,1,1,1,1,1,1,0
2018-01801,1,0,1,1,1,0,1,1,1,0,0
2018-00931,1,1,1,0,1,0,0,1,1,0,0
2018-01479,1,0,1,1,1,0,1,0,1,0,0
2018-01412,1,1,1,1,1,0,1,0,0,0,0
2018-04179,1,1,1,0,1,1,1,0,1,0,0
2018-03980,1,0,1,1,1,0,0,1,1,0,0
2018-03701,1,1,0,0,1,1,1,1,0,0,0
2018-02011,1,1,1,0,1,0,1,0,1,0,0
2018-01290,1,0,1,1,1,0,1,1,0,0,0
2018-03460,1,1,0,1,1,1,1,1,1,0,0
2018-01551,1,0,1,0,1,1,0,1,1,0,0
2018-02953,1,1,1,0,1,1,1,1,1,0,0
2018-03788,1,1,1,1,1,0,1,1,1,0,0
2018-02774,0,1,1,1,1,1,1,1,1,0,0
2018-01188,1,0,0,1,1,1,1,1,1,0,0
2018-01741,1,0,1,0,1,0,1,0,0,0,0
2018-03026,1,1,1,1,1,0,1,0,0,1,0
2018-03217,1,0,1,0,1,1,0,0,1,0,0
2018-02359,1,1,1,1,1,0,1,0,1,0,0
2018-00351,1,0,1,1,1,0,1,1,0,0,0
2018-02391,1,1,1,0,0,1,0,0,0,0,0
2018-01973,1,0,1,0,1,1,1,1,1,1,0
2018-04042,1,1,1,1,0,1,0,0,1,0,1
2018-03785,1,1,1,1,0,0,1,1,1,1,1
2018-02382,1,1,0,1,1,0,1,0,1,0,0
2018-02956,1,0,1,1,1,0,1,0,1,0,0
2018-00760,0,1,0,0,1,1,1,0,0,0,0
2018-00729,1,0,1,0,1,0,0,0,0,0,0
2018-00614,1,1,0,0,1,1,1,1,0,0,0
2018-03812,1,1,1,0,1,0,0,0,0,0,0
2018-02562,0,1,1,0,0,0,1,0,1,0,0
2018-00465,1,1,1,0,0,1,1,1,1,0,0
2018-00523,1,0,1,0,0,0,1,0,1,0,0
2018-02234,1,0,1,1,1,0,1,0,0,0,0
2018-02349,0,1,1,1,0,1,0,1,1,0,0
2018-02332,1,1,1,0,1,0,1,0,1,0,0
2018-01977,1,1,1,1,0,0,1,0,1,0,0
2018-02519,1,0,1,0,1,0,1,1,1,0,0
2018-01999,1,1,1,1,1,1,0,1,1,0,0
2018-03067,1,1,1,0,1,0,0,0,0,0,0
2018-00046,1,0,1,1,1,0,1,0,1,0,0
2018-00455,1,1,1,0,1,0,0,1,1,0,0
2018-04019,0,1,1,1,1,1,1,1,1,0,0
2018-03746,1,0,1,0,1,0,0,1,1,0,0
2018-02856,1,1,0,0,1,1,1,0,0,0,0
2018-04349,1,0,1,1,1,0,0,0,1,0,0
2018-03486,0,1,1,0,1,0,1,0,0,0,0
2018-01689,0,0,1,1,1,0,1,0,0,0,0
2018-01797,1,1,1,0,1,1,1,1,1,1,0
2018-02087,1,1,1,0,1,0,1,0,1,0,0
2018-00903,1,0,1,1,0,0,1,0,1,1,0
2018-03335,1,0,0,1,1,0,1,0,1,0,0
2018-00442,0,1,0,1,1,0,1,0,0,0,0
2018-00867,1,1,1,1,1,1,1,1,1,0,0
2018-03855,1,0,1,0,1,0,1,0,1,0,1
2018-01573,1,1,1,1,1,1,0,1,1,0,0
2018-01162,1,0,1,1,1,1,1,0,1,0,0
2018-01083,1,1,1,1,1,1,0,1,1,0,0
2018-02827,1,0,0,0,1,1,1,0,1,1,0
2018-03540,0,1,1,0,1,1,1,1,0,0,0
2018-02972,1,1,1,1,1,0,0,0,1,0,0
2018-01158,1,1,1,0,1,0,1,1,1,0,0
2018-02673,1,0,1,1,1,0,1,0,0,0,0
2018-02098,1,0,0,1,1,0,0,0,1,1,0
2018-00844,1,0,1,1,1,0,1,1,1,0,1
2018-00501,1,1,1,0,1,1,1,0,1,1,0
2018-01935,1,0,1,1,0,0,1,0,1,1,0
2018-04088,1,1,0,0,1,1,1,0,1,0,0
2018-03454,1,0,0,0,1,0,0,0,1,0,0
2018-01978,1,1,1,1,1,0,1,0,1,1,0
2018-02755,1,1,1,0,1,1,1,1,1,0,0
2018-03062,1,1,1,1,1,0,1,0,1,0,0
2018-01285,1,1,0,0,1,1,1,0,1,0,0
2018-04323,1,0,1,1,1,0,1,0,0,0,0
2018-01042,0,0,1,1,1,0,1,0,0,0,0
2018-02947,1,0,1,1,1,0,1,0,0,0,0
2018-02373,1,1,1,0,1,0,1,0,1,0,0
2018-01680,1,0,1,1,1,0,0,1,1,0,0
2018-00586,1,1,1,1,1,1,1,0,1,1,0
2018-01743,1,1,0,1,1,0,1,0,1,0,0
2018-04009,1,1,1,1,0,0,1,1,1,0,0
2018-00926,1,1,1,1,1,1,1,0,0,1,0
2018-01916,1,0,1,1,1,1,1,1,1,0,0
2018-04030,0,1,0,1,1,1,1,0,1,0,0
2018-00786,1,1,1,0,0,1,1,0,1,0,0
2018-01619,1,0,1,0,1,0,1,0,1,0,0
2018-01465,1,1,1,1,1,1,1,1,1,0,0
2018-01066,1,1,1,0,1,0,1,1,1,0,0
2018-03566,1,1,1,0,1,1,0,0,1,0,0
2018-03169,1,0,1,1,1,0,1,1,0,0,1
2018-01714,1,1,1,1,1,0,1,1,1,0,0
2018-02170,1,1,1,1,1,1,1,0,1,0,0
2018-03755,1,1,0,0,1,1,1,1,1,0,0
2018-01381,1,0,0,1,1,1,1,1,1,0,0
2018-00110,1,1,1,0,1,1,1,1,1,0,0
2018-02504,1,0,0,0,1,1,1,0,0,0,0
2018-00725,1,0,1,1,1,0,1,1,1,0,0
2018-01807,1,0,1,0,0,0,0,1,1,0,0
2018-02894,1,1,1,0,1,0,1,1,1,0,0
2018-03890,1,0,1,1,1,1,1,0,1,0,1
2018-03245,1,1,1,1,0,1,1,1,1,1,1
2018-01860,1,0,1,1,1,1,0,1,0,0,0
2018-02317,1,0,1,1,1,0,0,0,1,0,0
2018-01384,1,1,1,0,1,1,1,0,1,0,0
2018-03317,1,0,1,1,1,0,1,1,1,0,0
2018-02383,1,0,1,0,0,0,0,1,1,0,0
2018-03808,0,1,1,0,1,1,1,0,0,0,0
2018-03201,0,1,0,0,1,1,1,1,1,0,0
2018-02249,1,1,0,1,1,1,1,0,1,0,0
2018-00766,1,1,0,0,1,1,1,1,1,1,1
2018-00971,1,0,1,0,1,0,1,0,1,0,0
2018-02705,0,0,1,1,1,0,1,0,0,1,0
2018-00752,1,1,1,0,1,1,1,0,1,0,0
2018-02384,0,0,1,0,1,0,1,0,0,0,0
2018-03014,1,1,1,0,1,0,1,0,0,0,0
2018-03511,1,1,1,1,1,0,1,1,1,0,0
2018-03276,1,0,1,0,1,0,0,0,0,0,0
2018-00876,1,0,1,0,1,0,1,0,0,0,0
2018-02828,1,0,1,1,1,0,1,1,1,0,0
2018-00890,1,1,1,0,1,1,1,1,0,0,1
2018-03737,1,0,1,1,0,0,1,0,1,0,0
2018-00277,1,1,1,0,1,0,1,0,1,0,0
2018-01945,1,1,0,0,1,1,0,1,1,0,0
2018-00026,0,0,1,1,1,0,1,1,0,0,0
2018-03526,1,0,1,0,0,0,0,0,1,1,0
2018-00624,1,1,0,0,1,0,1,0,1,0,0
2018-02066,1,1,1,0,0,0,0,0,1,0,0
2018-03517,0,1,0,1,1,1,1,1,1,0,0
2018-03115,0,1,0,1,1,1,1,0,0,0,0
2018-04285,1,1,1,1,1,1,0,1,0,0,0
2018-02919,1,1,1,0,1,1,1,0,0,0,0
2018-02710,0,1,0,1,1,1,1,1,1,0,0
2018-03076,1,1,1,0,0,0,0,0,1,0,0
2018-04052,0,0,1,0,0,0,1,0,0,0,0
2018-03573,1,1,1,1,1,1,1,1,0,0,1
2018-01676,1,1,1,0,0,0,0,0,1,0,0
2018-02995,0,1,1,0,1,1,1,0,1,0,1
2018-04294,1,1,1,0,1,0,0,1,1,0,0
2018-02207,1,0,1,1,1,0,1,1,1,1,0
2018-01528,1,1,1,1,1,0,1,1,1,0,0
2018-02907,1,1,1,0,1,1,1,0,1,0,0
2018-04238,1,1,0,0,1,1,1,0,1,0,0
2018-00839,1,1,1,0,0,0,1,1,1,0,0
2018-00325,1,1,1,1,0,0,0,1,0,0,0
2018-02353,0,0,1,0,1,1,0,1,1,0,1
2018-04234,0,0,0,1,1,0,1,0,1,0,0
2018-03921,1,1,1,0,1,0,1,0,1,0,0
2018-03620,1,0,1,1,1,0,1,0,0,0,0
2018-03919,1,0,1,0,1,1,1,1,1,0,0
2018-02050,1,1,1,1,1,0,1,0,1,0,0
2018-02026,1,1,1,0,0,1,0,0,1,0,0
2018-02938,1,0,1,1,1,1,1,0,1,1,1
2018-02548,1,0,1,1,1,0,1,0,1,0,0
2018-01130,1,1,1,0,1,1,1,0,1,0,0
2018-02454,1,0,1,0,1,0,1,0,1,0,0
2018-03101,1,0,1,1,0,1,1,1,1,0,0
2018-02472,1,1,0,0,1,1,1,1,1,0,0
2018-03427,1,1,1,1,1,0,1,0,1,0,0
2018-00713,0,1,1,1,1,0,1,1,0,0,0
2018-02928,1,1,1,1,0,0,1,0,0,0,0
2018-00858,1,0,1,1,0,1,0,1,1,0,1
2018-01577,1,1,1,0,1,0,1,0,1,1,0
2018-03730,0,0,1,0,1,0,0,1,1,0,0
2018-03646,0,1,0,0,1,0,1,1,0,0,0
2018-03114,1,0,1,0,1,0,1,1,1,0,0
2018-03532,0,0,1,0,1,0,1,1,0,0,0
2018-00610,1,0,1,1,1,1,1,1,1,0,0
2018-01787,1,1,1,1,1,0,1,0,1,0,0
2018-03388,1,1,1,0,1,0,1,0,1,0,0
2018-03986,1,1,1,0,1,1,1,1,1,0,0
2018-03154,1,0,1,0,1,0,1,1,1,0,0
2018-02751,1,0,1,1,1,0,1,1,1,0,0
2018-02836,1,0,1,0,1,0,0,1,1,0,0
2018-02544,0,1,1,0,0,1,1,0,1,1,0
2018-01939,1,1,1,1,1,1,1,0,1,0,0
2018-01144,1,1,1,1,1,1,1,1,1,0,0
2018-02305,1,1,1,1,1,0,1,0,0,1,0
2018-04001,0,0,0,1,1,1,1,0,0,0,0
2018-01967,1,1,1,1,1,0,1,0,1,1,0
2018-03299,1,1,1,1,1,1,1,1,1,0,0
2018-02665,1,0,1,1,1,1,1,0,1,0,0
2018-00401,1,1,1,1,1,0,1,1,0,1,0
2018-00847,1,1,1,0,0,1,1,1,1,1,0
2018-02843,1,0,0,1,1,0,1,1,1,0,0
2018-02074,1,1,1,0,1,0,1,1,1,0,1
2018-00887,1,1,1,0,1,1,1,1,1,0,0
2018-01782,0,1,1,1,1,0,1,0,0,0,0
2018-03030,0,0,0,1,1,1,1,0,1,1,1
2018-00180,1,1,1,0,0,0,0,1,1,0,0
2018-00894,1,0,1,0,1,0,1,1,1,0,0
2018-03103,1,1,0,1,1,1,1,0,0,0,0
2018-03015,1,0,0,0,1,1,1,0,1,0,0
2018-00319,0,1,1,1,0,0,1,0,1,0,0
2018-01068,1,0,1,0,0,1,0,1,1,1,0
2018-01549,1,1,0,0,1,0,1,1,1,0,0
2018-03366,1,0,0,1,1,1,1,0,0,0,0
2018-00097,1,1,1,0,1,1,1,0,1,0,0
2018-01865,1,1,1,1,1,1,1,1,1,1,1
2018-01875,1,0,1,0,1,0,0,0,1,0,0
2018-00488,1,1,1,0,1,0,1,0,1,0,0
2018-00656,0,1,1,0,1,1,1,1,1,0,0
2018-04031,1,1,1,0,1,0,1,0,0,0,0
2018-01340,1,1,1,1,1,0,1,0,1,0,0
2018-03397,1,0,1,0,0,0,0,0,1,0,0
2018-02571,1,0,1,1,0,1,0,1,1,0,0
2018-01706,1,0,1,1,1,0,1,0,1,0,0
2018-02749,1,1,1,1,0,0,0,1,1,1,1
2018-02369,1,1,0,1,1,1,1,1,1,0,1
2018-04192,0,1,1,1,1,1,1,1,1,0,0
2018-02147,1,0,1,0,1,1,0,1,1,0,0
2018-00158,1,0,1,0,1,0,1,0,1,0,0
2018-01279,1,1,1,0,1,1,1,1,0,1,1
2018-02648,0,1,0,0,1,1,1,1,0,1,1
2018-02763,1,1,0,1,1,0,1,1,1,0,0
2018-03863,1,0,1,0,1,0,1,0,1,0,0
2018-03158,1,1,1,0,1,0,1,0,0,0,1
2018-04210,0,1,0,0,1,1,1,0,1,1,0
2018-03615,1,1,1,0,1,1,0,1,1,0,0
2018-03802,0,1,1,1,1,0,1,1,0,0,0
2018-02390,0,0,0,1,1,1,1,0,1,0,0
2018-04373,1,1,0,0,0,1,1,0,0,0,0
2018-01433,1,1,1,0,0,0,1,1,1,0,0
2018-02418,1,1,1,0,1,1,1,1,1,0,0
2018-00852,1,1,0,0,0,0,1,0,0,0,0
2018-01013,1,0,1,0,1,0,1,1,1,1,0
2018-01783,1,1,1,0,1,0,1,0,0,1,0
2018-00940,0,1,0,0,1,1,1,0,1,0,0
2018-02987,1,1,1,1,1,1,1,0,0,1,0
2018-01564,0,1,0,0,1,0,1,1,0,0,0
2018-01567,1,1,1,1,1,1,0,1,1,1,0
2018-00665,1,0,0,0,1,1,1,0,1,0,0
2018-04239,1,1,1,1,1,0,1,1,0,0,0
2018-02865,1,1,1,0,1,1,1,0,1,0,0
2018-01338,1,1,1,1,0,0,1,0,1,0,0
2018-03555,1,1,0,1,1,1,1,0,0,0,0
2018-03579,1,1,1,1,1,1,1,0,0,0,0
2018-02597,1,1,1,1,0,1,0,0,1,0,0
2018-04260,1,0,1,1,0,0,1,0,1,1,0
2018-01160,1,0,1,1,1,1,1,0,0,1,0
2018-04003,1,1,0,0,1,1,1,0,1,0,0
2018-03923,1,0,1,1,1,1,1,0,1,1,0
2018-01943,1,0,0,1,1,1,1,0,0,0,0
2018-00023,1,1,1,1,1,1,1,0,0,1,0
2018-02566,1,1,0,1,0,0,1,0,0,0,0
2018-00736,1,0,1,0,0,0,1,0,1,0,0
2018-03654,0,1,1,1,1,0,1,1,1,0,0
2018-02939,0,0,1,1,1,1,1,0,0,0,0
2018-00801,1,1,1,0,1,0,0,1,1,0,0
2018-02181,1,1,1,0,1,1,1,0,1,1,0
2018-00598,1,0,1,1,0,0,1,0,1,0,0
2018-00364,1,1,0,0,1,0,1,0,1,0,0
2018-04367,1,0,0,1,1,1,1,0,0,1,0
2018-00303,0,1,0,0,1,1,1,0,1,0,0
2018-03340,1,1,0,0,1,1,1,0,1,0,0
2018-03814,0,1,1,0,1,1,1,0,1,0,0
2018-00764,1,0,1,0,1,0,0,0,0,0,0
2018-01073,1,1,1,0,0,1,0,0,1,1,0
2018-03224,1,0,1,0,1,1,0,1,1,0,0
2018-03751,1,0,1,1,0,1,0,1,1,0,0
2018-03632,1,1,1,1,1,0,1,0,1,0,0
2018-02375,1,1,1,0,1,0,1,0,1,1,0
2018-03627,1,1,1,1,1,1,1,0,1,1,0
2018-03648,1,0,1,1,1,1,1,0,1,0,0
2018-03480,1,1,1,0,1,0,1,1,1,0,0
2018-01347,0,1,1,1,1,1,0,0,1,1,0
2018-01061,1,0,1,0,1,0,0,0,1,0,0
2018-03663,0,1,1,0,1,1,1,0,1,0,0
2018-02466,1,0,1,0,0,0,0,0,1,0,0
2018-02537,1,0,1,0,1,0,1,0,0,0,0
2018-02892,1,1,0,0,1,1,1,1,1,1,0
2018-02336,1,1,1,0,1,1,1,0,1,0,0
2018-01123,1,0,1,0,0,1,0,0,0,0,0
2018-00674,1,0,1,0,1,1,0,1,1,0,0
2018-02631,1,1,1,0,1,0,0,0,1,0,0
2018-00091,1,0,1,0,0,0,0,0,1,0,0
2018-04168,1,1,1,1,1,1,1,1,1,0,0
2018-03011,1,1,1,0,1,1,0,1,1,0,0
2018-04277,1,1,1,0,1,0,1,0,1,0,0
2018-00001,1,1,0,1,1,0,1,1,1,1,0
2018-03713,1,1,1,0,1,1,1,1,1,0,0
2018-00883,1,0,1,0,1,0,1,0,1,0,1
2018-01053,1,1,1,0,1,1,1,0,1,1,0
2018-00512,0,1,1,0,1,0,1,0,1,0,0
2018-01906,1,1,1,1,1,1,1,0,1,0,0
2018-02123,1,1,1,0,1,0,1,0,1,0,0
2018-04004,1,0,1,1,1,1,0,1,1,0,0
2018-02223,1,0,1,1,1,0,1,1,1,1,0
2018-01702,1,1,1,0,0,1,1,0,0,0,0
2018-00276,0,1,1,1,0,0,1,1,0,0,0
2018-03497,1,0,0,1,1,1,1,0,1,0,0
2018-00561,1,0,0,1,1,0,1,0,1,0,0
2018-01800,1,1,1,1,1,1,1,1,1,0,0
2018-03066,1,1,1,1,1,1,1,0,1,0,0
2018-02538,1,1,1,0,1,0,1,0,1,0,0
2018-00645,0,1,1,1,1,1,0,1,1,0,0
2018-02583,1,0,1,0,1,0,1,0,1,0,0
2018-00022,1,0,1,0,0,1,1,1,1,1,0
2018-01970,1,0,1,1,1,0,1,1,1,0,0
2018-02746,1,0,1,1,1,0,0,1,1,0,0
2018-04193,1,0,1,0,1,0,1,0,1,0,0
2018-00003,0,1,0,1,1,0,1,0,0,0,0
2018-00197,1,1,0,1,1,1,1,0,1,0,0
2018-01167,1,1,1,1,1,0,1,1,1,1,0
2018-00519,1,0,1,1,1,0,1,1,0,0,0
2018-00483,1,1,1,0,1,1,1,0,0,0,0
2018-01195,0,0,0,1,1,0,1,0,1,0,0
2018-02657,1,1,0,1,1,0,1,0,0,0,0
2018-03223,1,1,1,0,1,1,1,1,1,0,0
2018-01819,1,0,1,0,0,0,1,1,1,0,0
2018-00053,1,0,1,1,1,0,1,1,0,0,0
2018-00288,1,0,1,1,1,0,0,1,0,0,0
2018-02620,1,1,1,1,1,1,1,1,1,0,0
2018-03545,1,1,1,1,1,0,0,0,1,0,0
2018-01774,0,1,0,1,1,0,1,0,0,0,0
2018-01041,1,1,1,0,1,0,1,0,1,0,0
2018-01632,1,1,1,0,0,0,1,1,1,1,1
2018-04271,1,1,1,0,1,0,1,1,1,0,0
2018-04136,1,0,1,1,1,0,0,0,1,0,0
2018-00580,1,0,1,1,0,1,1,0,0,0,0
2018-00565,1,1,1,0,1,1,1,0,0,0,0
2018-02896,1,1,0,1,1,1,1,1,1,1,0
2018-03630,1,1,1,1,0,0,0,0,1,0,0
2018-02654,1,1,0,1,1,0,1,0,0,0,0
2018-01398,0,0,0,1,1,1,1,1,1,0,0
2018-01005,1,1,1,0,1,0,0,0,1,0,0
2018-01305,1,1,1,1,1,0,0,0,0,0,0
2018-02286,1,0,0,0,1,1,1,0,1,1,0
2018-04016,1,1,1,0,1,1,1,0,1,0,0
2018-04253,0,1,0,0,1,1,1,1,1,1,0
2018-00856,1,0,0,1,1,1,1,0,1,0,0
2018-00417,1,1,1,0,1,0,0,1,1,0,0
2018-02769,1,1,1,1,1,1,0,0,1,0,0
2018-02057,1,1,0,0,1,0,1,1,1,0,0
2018-00669,1,1,1,0,1,0,0,0,0,0,0
2018-00518,1,1,0,1,1,0,0,1,1,1,0
2018-02591,1,1,1,1,1,0,1,0,1,1,0
2018-00251,0,0,1,1,1,0,1,0,0,0,0
2018-01642,1,1,1,1,1,1,1,0,1,1,0
2018-03968,1,0,0,0,1,0,1,1,1,0,0
2018-02687,1,1,1,0,1,0,0,1,1,0,0
2018-00191,0,0,1,0,1,1,1,1,1,1,0
2018-02105,1,0,1,0,1,1,1,0,1,0,0
2018-03400,0,0,1,0,1,0,1,1,1,0,0
2018-00517,1,0,1,0,1,0,1,0,1,0,0
2018-03699,1,0,1,0,0,0,1,0,1,0,0
2018-04263,1,0,1,0,1,0,1,0,0,0,0
2018-01850,1,1,1,1,0,1,1,1,1,0,0
2018-03268,1,1,0,1,1,1,1,0,1,1,1
2018-00281,1,1,1,0,1,0,1,0,1,0,0
2018-00662,1,0,1,0,1,0,1,0,1,0,0
2018-02090,1,0,1,1,1,1,0,1,1,0,1
2018-04346,1,0,0,0,1,0,1,0,1,0,0
2018-00746,1,1,1,1,1,0,1,1,1,1,0
2018-01030,1,1,1,0,1,0,1,0,1,0,0
2018-02030,1,1,1,0,0,0,0,0,0,0,0
2018-02635,0,1,1,1,1,1,1,1,1,0,0
2018-00216,1,0,1,1,1,0,1,1,0,0,0
2018-02946,1,1,1,1,1,1,0,1,1,0,0
2018-00096,1,1,1,1,1,1,1,0,1,0,0
2018-00848,1,1,1,1,1,1,1,0,0,0,0
2018-01514,1,1,1,1,1,0,0,0,1,0,0
2018-00772,1,1,1,0,0,0,1,1,1,0,0
2018-04069,1,1,1,0,1,1,1,0,1,1,0
2018-01629,1,1,1,1,1,0,1,1,1,0,0
2018-04176,1,0,1,0,1,0,1,0,0,0,0
2018-02266,0,0,0,1,1,1,1,1,1,0,0
2018-01372,1,1,1,1,0,1,1,1,1,1,0
2018-00168,1,1,1,0,0,0,1,1,1,0,0
2018-02970,1,1,1,1,1,1,1,0,1,0,0
2018-01595,1,1,1,1,1,0,1,0,1,0,0
2018-02871,1,1,1,1,1,1,1,0,1,0,0
2018-02235,1,1,1,0,1,1,1,0,0,0,0
2018-01254,1,1,1,1,1,1,0,0,1,0,0
2018-00471,1,1,1,1,1,0,1,1,0,0,0
2018-00371,1,1,1,1,1,0,1,1,0,0,0
2018-01243,1,1,1,0,1,1,0,1,1,0,0
2018-02783,1,1,1,0,1,0,1,1,1,0,0
2018-03967,1,1,1,1,1,1,0,1,1,0,0
2018-02768,1,0,1,0,1,1,0,1,1,0,0
2018-01095,1,1,1,0,1,1,1,0,1,0,0
2018-03687,1,1,1,1,1,0,0,0,1,0,0
2018-04163,1,0,1,1,1,1,1,1,0,0,0
2018-02082,1,1,1,1,1,0,1,0,0,0,0
2018-03736,1,1,0,0,1,0,1,0,1,0,0
2018-02831,1,1,1,0,1,0,0,0,1,0,0
2018-01112,1,0,0,0,1,0,1,0,1,0,0
2018-03839,1,1,1,1,1,0,1,0,1,1,0
2018-01591,1,1,1,1,1,1,1,1,1,0,0
2018-02964,1,1,0,0,1,0,1,1,1,0,0
2018-00125,1,1,1,1,0,0,1,0,0,0,0
2018-01006,1,1,1,1,1,0,1,0,1,0,0
2018-01556,1,0,1,0,1,0,1,0,1,0,0
2018-01249,1,1,1,0,1,0,1,0,1,0,0
2018-02853,0,1,1,1,1,1,0,1,1,0,0
2018-02570,1,1,1,0,1,0,1,0,1,0,0
2018-01403,1,1,1,1,1,1,1,1,1,1,1
2018-02976,0,1,1,1,1,0,1,0,1,0,0
2018-03465,1,1,0,0,1,1,1,0,1,1,0
2018-01150,1,1,1,0,1,0,1,1,1,1,0
2018-04231,1,1,1,0,1,0,1,0,1,0,0
2018-02713,1,1,1,0,0,0,0,1,0,0,0
2018-02192,1,1,0,0,1,0,1,0,1,1,0
2018-00820,1,1,1,0,1,1,1,1,1,0,0
2018-02413,1,1,1,0,1,0,0,1,1,0,0
2018-01628,1,1,1,0,1,0,1,0,0,0,0
2018-02165,0,0,0,1,1,1,1,1,1,0,1
2018-01420,1,0,1,0,1,0,1,1,1,0,0
2018-03742,1,0,0,1,1,1,1,0,1,0,0
2018-00612,1,1,1,1,0,0,0,1,1,1,0
2018-02469,1,1,1,1,1,1,0,1,1,0,0
2018-01296,1,0,1,0,1,0,1,0,1,1,0
2018-00655,1,1,0,1,1,1,1,0,1,1,0
2018-03603,1,0,1,1,1,0,1,1,1,0,0
2018-00601,0,1,0,0,1,1,1,1,1,0,0
2018-03985,1,0,1,1,0,1,1,1,1,0,0
2018-01320,1,0,1,1,1,0,1,0,1,0,1
2018-01104,1,1,1,0,1,1,1,0,1,0,0
2018-01885,1,0,1,1,1,0,1,1,1,0,0
2018-02216,1,1,1,1,1,1,1,0,1,0,0
2018-01264,1,1,1,0,1,1,1,0,0,0,0
2018-01914,1,0,1,1,1,0,1,1,1,0,0
2018-02171,1,1,1,0,0,0,1,1,0,0,0
2018-04039,0,0,0,0,1,0,1,0,1,0,0
2018-03975,1,1,0,1,1,0,1,0,1,0,0
2018-03700,1,0,1,1,1,0,0,0,0,0,0
2018-01024,1,0,1,0,0,0,1,0,0,1,0
2018-00144,1,1,1,1,1,1,1,1,1,1,0
2018-01711,1,1,1,1,0,1,1,1,1,0,0
2018-02750,1,0,0,1,1,1,1,0,1,0,0
2018-03721,1,1,0,1,1,1,1,0,1,0,0
2018-03675,1,1,0,1,1,0,1,1,1,0,1
2018-02777,1,1,1,1,1,0,1,1,1,0,0
2018-03003,1,0,0,1,1,1,1,1,1,0,1
2018-04158,1,0,1,0,1,0,0,1,1,0,0
2018-04094,1,0,0,0,1,0,1,0,1,1,0
2018-02761,1,1,1,1,1,1,1,1,1,1,0
2018-03898,1,0,1,0,0,0,1,0,1,1,0
2018-01715,1,1,1,1,0,1,1,1,1,1,0
2018-01461,1,0,1,1,0,0,1,0,1,0,0
2018-01402,1,1,0,0,1,0,1,0,1,1,0
2018-02100,0,1,1,1,1,0,0,0,1,0,0
2018-00324,0,1,1,1,1,1,1,0,1,1,0
2018-03834,1,0,0,0,1,1,1,0,1,1,0
2018-03665,1,0,0,0,1,0,1,0,1,0,1
2018-01749,0,1,1,0,1,0,1,0,1,0,1
2018-03108,1,1,1,1,0,0,1,1,1,0,1
2018-01170,1,1,0,0,1,1,1,0,1,0,0
2018-02857,0,1,1,0,1,0,0,0,0,0,0
2018-02532,1,0,0,0,1,0,1,0,1,0,0
2018-00507,1,0,1,0,1,0,1,0,1,1,0
2018-00181,1,1,0,1,1,0,1,0,0,0,1
2018-03280,0,1,1,1,1,1,1,0,1,0,1
2018-02164,1,1,1,1,1,1,1,1,1,0,0
2018-04161,1,1,1,1,1,0,1,0,0,0,0
2018-00872,1,1,0,1,1,1,1,0,1,0,1
2018-02670,1,1,1,1,0,0,1,0,0,0,0
2018-02036,1,0,1,0,1,1,0,1,0,0,0
2018-03912,1,1,1,1,1,1,1,1,1,0,0
2018-02371,1,1,1,0,1,0,1,0,0,1,0
2018-02905,1,0,1,1,0,0,1,1,1,1,0
2018-01226,1,1,1,0,1,1,1,1,1,0,0
2018-01250,1,0,0,0,1,1,1,0,0,1,0
2018-00089,1,0,1,1,0,0,0,0,0,1,0
2018-04304,1,0,1,0,0,0,1,0,1,0,1
2018-03075,1,1,1,0,1,0,1,0,1,0,0
2018-01386,1,1,0,1,1,1,1,1,1,0,1
2018-03570,0,1,1,1,1,1,1,0,1,0,0
2018-01274,1,0,1,0,1,1,0,0,0,0,0
2018-04033,1,1,1,1,0,0,1,0,1,0,0
2018-01001,1,1,0,0,1,0,1,0,0,0,0
2018-00225,1,1,1,1,1,1,1,0,1,0,0
2018-02876,1,1,1,1,1,0,1,0,1,0,0
2018-03447,1,0,0,0,1,1,1,0,0,0,0
2018-04322,1,1,1,1,1,0,1,1,1,0,0
2018-00330,1,0,1,0,1,0,1,1,0,0,0
2018-02610,1,1,1,0,1,0,1,1,1,0,0
2018-01872,1,0,0,1,1,1,1,1,0,0,0
2018-04266,0,0,0,1,1,0,1,0,0,0,0
2018-02326,1,1,1,1,1,0,0,1,1,0,0
2018-03421,1,0,1,1,1,1,1,1,1,0,0
2018-02244,1,0,1,1,0,0,1,0,0,0,0
2018-03111,1,1,1,1,0,0,1,1,1,0,0
2018-00781,1,0,1,0,1,0,0,0,1,1,1
2018-03350,1,1,1,0,1,1,1,0,1,0,0
2018-03018,1,1,1,1,1,0,1,0,0,0,0
2018-01079,1,1,1,1,1,0,1,0,1,0,0
2018-00431,1,0,1,0,1,0,1,1,0,0,0
2018-03220,1,1,0,0,1,0,1,0,0,0,0
2018-03973,0,1,1,1,1,1,1,0,1,0,0
2018-03309,1,0,1,0,1,0,0,0,1,1,0
2018-00972,1,0,1,0,1,0,1,0,0,0,0
2018-03610,1,0,1,1,1,0,0,1,1,0,0
2018-03728,1,0,0,1,1,1,1,0,1,0,0
2018-01363,0,1,1,1,0,1,1,1,0,0,0
2018-01630,1,0,1,0,1,0,1,1,1,0,0
2018-02279,1,0,1,1,1,1,1,0,1,0,0
2018-04208,0,1,1,1,1,0,0,0,1,1,0
2018-02442,1,0,1,1,0,0,0,1,0,0,0
2018-02578,0,1,1,0,1,0,1,0,1,0,0
2018-02338,1,1,1,1,1,0,1,0,1,0,0
2018-01506,1,0,1,0,0,0,0,1,1,0,0
2018-00726,1,1,1,1,1,1,1,1,0,1,0
2018-01644,1,1,1,1,1,1,1,1,1,0,0
2018-02118,1,1,1,1,1,1,0,1,1,0,0
2018-00010,1,1,1,0,0,0,0,0,1,0,0
2018-00870,1,1,1,1,0,1,1,0,1,0,0
2018-02722,1,0,1,1,1,0,1,0,1,0,0
2018-01094,1,1,1,0,0,0,1,0,1,0,0
2018-04342,1,0,1,1,0,1,1,0,1,1,0
2018-02401,1,1,1,1,1,1,1,1,1,0,0
2018-01232,0,0,1,0,1,0,1,0,0,1,0
2018-03034,1,0,1,1,1,0,1,1,1,0,1
2018-00571,1,1,1,0,1,0,1,1,1,0,0
2018-01178,1,1,0,1,1,1,1,0,0,0,0
2018-00268,1,1,1,1,0,0,1,0,1,1,0
2018-02439,1,1,1,0,1,1,1,1,1,1,0
2018-01121,1,1,1,0,0,0,1,0,1,0,0
2018-02187,0,0,1,1,1,0,1,0,0,0,0
2018-00920,1,0,1,1,1,0,0,1,1,1,0
2018-00868,1,1,1,1,0,1,0,0,1,0,0
2018-00577,0,1,1,1,1,0,1,0,1,1,0
2018-00788,1,1,1,0,1,0,1,0,1,1,0
2018-03452,0,1,0,1,1,0,1,0,1,1,0
2018-03206,1,1,1,1,1,1,1,1,1,1,0
2018-03790,1,0,1,0,1,0,0,0,1,0,0
2018-02473,1,1,0,1,1,1,0,1,1,0,0
2018-03791,1,1,0,0,0,0,1,1,1,0,0
2018-02300,1,1,1,0,1,0,1,1,1,0,0
2018-04355,1,0,1,1,1,0,1,0,0,0,0
2018-03905,0,1,1,1,1,1,1,0,1,0,0
2018-03681,1,1,1,0,1,0,1,1,1,0,0
2018-00692,1,0,1,1,1,1,0,1,0,0,0
2018-01515,1,0,1,0,1,1,1,1,1,0,1
2018-02812,1,0,0,1,1,1,1,1,1,1,0
2018-02869,1,1,1,1,0,0,1,0,1,0,0
2018-02218,1,1,1,0,0,0,1,0,1,0,0
2018-02580,1,1,1,1,1,0,1,0,0,0,0
2018-00950,1,0,1,1,1,0,1,1,1,0,0
2018-02927,1,1,1,1,1,1,1,1,1,1,0
2018-00629,1,1,1,0,1,0,1,1,1,0,0
2018-00179,1,1,1,1,1,0,1,1,1,0,0
2018-00879,1,1,1,1,1,1,1,1,1,1,0
2018-03282,1,1,0,1,1,1,1,1,1,1,0
2018-00242,0,1,1,1,1,1,1,0,1,0,0
2018-00918,1,1,1,0,1,0,0,0,0,0,0
2018-00740,1,1,0,0,1,0,1,0,1,0,0
2018-00248,1,1,1,0,1,0,0,1,0,0,0
2018-00574,1,0,1,0,1,0,1,0,1,0,0
2018-00687,1,1,1,0,1,0,1,0,1,0,0
2018-01893,1,0,1,1,1,0,1,1,0,0,0
2018-00126,0,1,0,1,1,0,1,1,0,0,0
2018-03864,0,0,0,1,1,0,0,1,1,0,0
2018-03954,1,1,1,1,0,1,0,1,1,0,0
2018-01391,1,0,1,0,1,0,1,0,1,1,1
2018-02219,1,0,1,0,1,0,1,1,1,1,0
2018-02945,1,1,0,1,1,1,1,0,1,0,0
2018-02078,1,0,0,0,1,1,1,0,1,1,0
2018-02916,1,1,0,0,1,1,1,0,1,1,0
2018-02038,1,1,1,0,1,0,1,0,0,0,0
2018-04118,1,0,1,1,0,0,1,0,0,0,0
2018-00331,1,0,1,1,1,0,0,1,1,1,1
2018-00345,1,0,0,1,1,1,1,0,1,1,0
2018-03799,0,1,1,0,1,0,1,0,0,0,0
2018-01722,0,1,0,0,1,1,1,1,1,0,0
2018-03365,1,1,1,0,1,1,1,0,0,0,0
2018-03907,1,1,0,1,1,1,1,0,1,0,0
2018-03883,1,1,1,1,1,1,1,1,0,0,0
2018-04272,0,1,1,0,1,0,1,0,0,0,0
2018-01245,1,1,1,0,1,1,0,0,1,0,0
2018-03807,1,1,1,1,0,0,1,1,1,0,1
2018-02974,1,0,0,1,0,0,0,1,1,0,0
2018-00528,1,1,1,0,1,1,1,1,1,1,0
2018-03112,1,1,1,0,0,1,1,1,1,1,0
2018-03175,1,1,1,1,0,1,0,1,1,0,0
2018-02641,1,0,1,1,0,0,1,0,1,0,0
2018-01353,1,1,1,1,1,1,1,1,1,0,0
2018-02498,1,0,1,0,1,1,0,0,0,0,0
2018-02003,1,0,1,0,1,1,1,1,1,0,1
2018-04278,1,0,1,0,1,0,1,0,1,0,0
2018-03086,1,1,1,1,1,0,1,0,1,0,0
2018-01683,1,0,1,1,1,0,1,0,1,0,0
2018-04096,1,1,1,1,0,1,0,1,1,0,0
2018-01233,1,1,1,0,1,0,1,1,1,0,0
2018-02311,1,0,1,0,1,0,0,0,1,0,0
2018-03278,1,0,1,1,1,0,1,1,0,0,0
2018-02834,1,0,1,1,1,0,0,0,1,0,0
2018-01165,0,1,1,0,1,1,0,1,1,0,0
2018-01136,1,1,1,1,1,0,0,1,0,0,0
2018-01180,0,0,0,0,1,1,1,0,1,0,0
2018-03185,1,0,1,0,0,0,0,0,1,1,0
2018-01937,1,1,1,1,1,0,0,1,1,0,0
2018-00059,1,1,1,1,1,0,1,0,0,0,0
2018-02899,0,0,1,0,1,1,1,0,1,0,0
2018-03959,1,1,1,1,1,1,1,1,1,0,0
2018-04159,1,1,1,1,1,1,1,0,1,0,0
2018-01907,1,1,1,1,1,0,1,0,1,1,0
2018-01745,1,1,1,0,1,0,0,0,1,0,0
2018-03502,1,0,1,1,1,1,0,0,1,1,0
2018-02015,1,1,1,0,0,0,0,0,1,0,0
2018-00443,1,0,1,0,1,0,1,1,1,0,0
2018-02048,0,1,1,0,1,1,1,0,1,0,0
2018-02514,1,1,0,0,1,0,1,1,1,1,0
2018-01490,1,1,1,0,1,0,0,1,1,0,0
2018-01583,1,1,0,0,1,1,1,1,1,0,0
2018-02094,1,1,1,0,1,1,1,1,1,0,0
2018-03256,1,1,1,0,1,0,1,0,1,1,0
2018-00005,1,1,1,1,1,0,1,1,1,0,0
2018-02058,0,1,1,1,1,1,1,0,0,1,0
2018-03353,1,1,1,0,1,0,0,0,1,0,0
2018-03364,1,1,1,0,1,1,1,0,1,0,0
2018-00065,1,1,0,1,1,1,0,1,1,0,0
2018-03235,1,1,1,0,1,0,1,1,1,0,0
2018-04363,0,1,1,1,1,1,0,1,1,1,0
2018-03402,1,1,1,0,1,1,1,0,1,0,0
2018-00704,1,0,0,1,1,1,1,0,0,0,0
2018-03392,1,0,1,0,1,0,1,0,1,1,0
2018-04068,1,1,1,0,1,1,1,0,1,0,0
2018-04217,0,0,1,1,1,0,1,1,0,0,0
2018-01113,1,1,1,0,1,0,1,0,1,0,0
2018-02121,1,1,0,0,1,1,1,0,0,0,0
2018-04135,1,0,1,1,1,0,1,1,0,0,0
2018-01235,1,0,0,1,0,0,1,1,1,1,0
2018-01367,0,1,0,0,1,1,1,0,1,0,0
2018-03260,0,0,1,1,0,0,1,0,1,0,1
2018-02060,1,0,1,0,1,0,0,1,1,0,0
2018-00007,1,1,0,0,0,0,1,0,1,0,0
2018-02389,1,0,1,1,1,0,1,1,1,1,1
2018-02560,1,1,1,0,0,0,1,0,1,0,0
2018-01443,0,0,0,0,1,0,1,0,1,1,0
2018-03233,1,0,1,0,0,1,0,0,1,0,0
2018-00978,1,0,1,1,1,1,1,0,1,0,0
2018-03144,0,1,1,0,1,0,1,1,1,0,0
2018-02200,1,1,1,0,1,0,1,1,1,1,0
2018-02161,0,1,1,0,1,1,1,0,0,0,0
2018-02563,1,1,1,1,1,1,1,1,1,0,0
2018-03159,1,0,1,1,1,0,1,0,0,0,0
2018-04259,1,1,0,0,1,1,1,0,1,1,0
2018-01409,1,1,1,1,1,0,0,1,1,0,0
2018-02260,1,1,1,0,1,1,1,0,1,1,0
2018-02719,1,1,0,0,1,0,1,0,1,1,0
2018-01220,1,1,0,1,1,1,1,1,1,1,1
2018-03316,0,0,1,1,0,1,1,0,0,0,0
2018-01616,1,1,1,0,1,0,1,1,1,0,0
2018-01396,1,0,1,0,1,1,1,0,1,0,0
2018-00557,1,1,1,1,1,0,1,0,1,0,0
2018-00583,1,1,1,0,0,0,0,1,1,1,0
2018-03861,1,1,1,0,1,0,1,0,1,0,0
2018-01379,0,0,1,0,1,0,1,0,0,1,0
2018-03263,0,1,1,0,1,0,1,1,1,0,0
2018-04098,1,1,1,1,1,0,0,1,1,0,0
2018-01475,1,0,0,1,1,0,1,0,1,0,0
2018-00336,0,1,0,1,1,1,1,0,1,0,0
2018-00989,1,0,1,0,1,1,1,0,1,0,0
2018-02289,0,1,0,1,1,1,1,0,0,0,0
2018-00567,1,1,1,1,1,1,1,0,1,0,0
2018-02617,0,1,1,1,1,1,1,0,1,0,0
2018-01017,0,1,1,0,1,0,0,1,1,0,0
2018-02849,1,1,1,0,1,0,1,0,0,1,0
2018-01789,0,1,1,1,1,1,1,0,1,0,0
2018-02018,1,1,0,1,0,0,0,1,1,0,0
2018-04091,1,1,1,1,1,0,1,0,0,0,1
2018-02330,1,1,1,0,1,0,1,0,0,0,1
2018-04374,1,1,1,1,1,1,0,1,1,1,0
2018-03414,1,0,1,0,1,1,0,1,0,0,0
2018-01870,1,1,1,0,1,1,1,0,1,0,0
2018-00190,1,1,1,0,1,0,1,1,1,0,0
2018-03824,1,1,1,0,1,1,1,0,1,1,0
2018-03933,1,1,1,0,1,0,1,0,0,0,0
2018-02157,1,1,1,0,1,0,0,0,1,0,0
2018-00775,1,0,1,1,1,1,1,1,1,0,0
2018-04129,0,0,1,0,0,0,1,0,1,0,0
2018-01773,1,0,1,0,1,0,1,0,1,0,0
2018-04206,1,1,1,1,1,0,1,1,1,0,0
2018-04357,1,1,0,1,1,0,1,0,0,0,0
2018-01392,1,0,1,1,0,0,0,1,1,1,0
2018-02428,1,1,1,1,1,1,1,0,1,0,0
2018-02684,0,1,1,0,1,0,1,0,0,0,0
2018-00229,1,1,1,1,1,0,1,0,1,0,0
2018-00388,1,1,1,1,1,0,1,0,1,0,0
2018-02996,1,1,1,0,1,0,1,0,1,0,0
2018-04224,1,1,1,1,0,1,1,1,1,1,0
2018-00058,1,1,1,1,1,0,1,0,1,0,0
2018-01621,1,0,1,0,1,0,1,1,1,0,0
2018-02150,1,0,1,0,1,0,0,0,0,0,0
2018-01608,1,1,1,1,1,0,1,0,1,1,0
2018-00260,1,1,1,0,1,0,1,0,1,0,0
2018-02151,1,1,0,1,1,1,1,0,1,1,1
2018-02258,0,0,1,1,1,0,1,0,0,0,0
2018-01511,1,0,1,1,0,1,0,1,1,0,0
2018-01456,1,1,1,1,1,0,0,1,1,0,0
2018-03205,1,1,1,0,1,1,1,0,1,0,0
2018-00789,1,1,0,0,1,0,1,0,1,0,0
2018-03050,0,1,1,0,1,0,1,1,1,1,0
2018-02404,1,1,1,0,1,0,1,1,1,0,0
2018-02179,1,1,1,0,1,0,1,0,1,0,0
2018-00214,1,1,0,1,1,1,0,0,0,0,0
2018-03924,0,0,0,1,1,1,1,0,1,1,1
2018-02135,0,0,1,0,1,1,1,0,0,0,0
2018-00921,1,0,0,1,0,0,1,1,1,0,0
2018-01825,1,1,1,1,1,0,1,0,0,0,0
2018-02822,1,0,1,0,1,1,0,0,1,0,0
2018-03533,1,1,1,0,1,1,1,0,1,0,0
2018-02091,1,1,1,1,1,1,1,1,1,1,1
2018-02735,1,1,0,1,1,1,1,0,1,1,0
2018-00805,1,0,1,1,1,0,1,0,1,0,0
2018-02474,1,1,0,1,1,0,1,0,0,0,0
2018-03232,1,1,1,1,1,1,1,1,1,1,0
2018-01308,1,0,1,0,1,0,1,0,1,0,0
2018-01763,1,0,1,1,1,1,1,0,1,1,0
2018-01956,1,0,1,0,1,1,1,1,1,0,0
2018-01815,1,0,0,1,0,0,1,1,0,0,0
2018-01377,1,0,1,0,1,1,1,0,1,0,0
2018-00131,1,0,1,0,1,1,1,0,1,0,0
2018-00086,1,1,0,1,1,1,1,0,1,0,0
2018-04356,1,1,0,0,1,1,1,0,0,0,0
2018-01175,1,0,0,1,1,0,1,0,1,0,0
2018-02725,1,0,1,1,0,1,0,0,1,0,0
2018-02374,1,1,1,0,1,0,1,1,1,1,1
2018-00570,1,0,0,0,1,0,1,0,0,0,0
2018-03351,1,1,1,0,1,0,1,0,1,0,0
2018-02496,0,0,1,1,0,0,1,0,1,0,0
2018-00152,1,1,1,0,0,1,1,0,0,0,0
2018-02914,0,0,1,0,1,1,1,0,1,0,0
2018-02491,1,0,1,1,1,1,0,1,0,1,0
2018-04145,1,1,1,1,1,1,1,0,0,0,0
2018-01930,1,1,1,0,0,0,0,0,0,0,0
2018-04300,0,1,1,1,0,0,1,0,0,1,0
2018-02104,1,1,1,0,1,1,1,1,1,1,0
2018-00284,1,0,1,0,1,0,1,0,0,0,0
2018-02304,1,1,1,0,0,0,1,0,1,0,0
2018-02634,0,0,0,1,1,1,1,1,1,0,0
2018-01185,0,0,1,0,1,1,1,1,1,1,0
2018-00414,1,0,1,1,1,0,1,0,0,0,0
2018-00700,0,1,1,1,1,1,1,0,1,0,0
2018-03836,1,1,1,1,1,0,1,1,1,0,0
2018-00478,1,0,1,0,1,0,0,0,1,0,0
2018-03258,1,1,1,1,1,0,1,0,1,0,0
2018-00354,1,1,1,1,1,1,1,0,1,0,0
2018-02367,0,1,0,0,1,1,1,0,0,0,0
2018-02337,1,1,1,0,1,0,1,0,0,0,0
2018-00034,1,1,1,0,0,1,1,0,1,0,0
2018-01574,0,1,0,1,1,1,1,0,1,0,0
2018-01867,1,1,0,0,1,1,1,0,1,1,0
2018-04223,0,0,1,0,1,0,1,0,1,0,1
2018-04269,1,0,1,0,1,0,1,1,0,0,0
2018-03434,1,0,1,1,1,0,1,0,0,0,0
2018-01048,1,0,1,1,1,0,1,1,1,0,0
2018-03727,0,0,1,1,1,0,1,0,0,0,0
2018-04200,1,1,1,0,0,0,0,1,1,0,0
2018-02195,1,1,1,0,0,0,1,1,0,1,0
2018-00897,1,0,1,0,1,1,0,0,0,0,0
2018-01979,1,0,1,1,1,1,1,0,1,0,0
2018-00482,0,1,1,0,1,0,1,0,0,0,0
2018-03672,1,1,1,0,0,0,1,1,0,0,0
2018-00294,1,0,1,0,0,0,1,0,1,0,0
2018-02396,1,1,1,0,0,0,1,0,1,0,0
2018-02581,0,1,0,0,1,1,0,0,1,0,0
2018-02419,1,0,1,1,1,0,1,0,1,0,0
2018-03546,1,1,0,0,1,1,1,0,1,0,0
2018-01510,1,1,1,0,0,0,0,0,1,0,0
2018-02765,1,0,0,1,1,0,1,1,0,0,0
2018-03117,1,0,1,1,1,0,1,1,1,0,0
2018-02823,1,0,1,0,1,0,1,1,1,0,0
2018-01712,1,0,1,1,1,0,1,0,0,0,0
2018-02041,1,1,1,0,1,1,1,0,1,0,0
2018-00077,1,1,1,1,1,1,1,0,1,0,0
2018-00892,0,1,1,1,1,0,1,0,0,1,1
2018-02494,1,1,1,1,1,1,1,0,1,0,0
2018-00173,1,1,1,0,1,1,0,1,0,0,0
2018-02302,1,1,1,0,1,0,1,0,1,0,1
2018-00212,1,0,1,0,1,0,0,0,1,0,0
2018-03412,1,1,1,1,1,0,1,1,1,1,0
2018-01828,1,0,0,1,1,1,1,0,1,0,0
2018-00560,1,1,1,1,1,0,1,1,1,1,1
2018-04265,1,1,1,0,1,1,0,1,1,0,0
2018-04141,1,1,1,1,1,1,0,1,1,1,0
2018-03327,1,1,1,0,0,0,0,0,0,0,0
2018-01342,0,1,1,1,1,1,1,0,1,1,0
2018-03586,1,1,1,1,1,1,0,1,1,1,0
2018-01739,1,0,1,1,1,1,1,0,0,1,0
2018-04127,1,1,0,0,1,0,1,0,1,0,0
2018-03215,0,0,1,0,1,0,1,1,1,0,0
2018-03404,1,0,1,1,1,0,1,1,1,0,0
2018-00503,0,0,1,1,1,1,1,0,0,0,0
2018-01984,1,1,1,0,1,0,0,0,1,0,0
2018-00114,1,1,1,1,1,0,1,0,1,0,0
2018-01213,0,1,0,1,1,0,0,0,1,0,0
2018-02821,0,0,1,0,1,0,1,0,1,0,1
2018-01844,1,0,1,1,1,0,1,0,1,1,0
2018-01546,1,0,1,0,1,0,1,0,1,0,0
2018-01777,1,1,1,1,1,1,1,0,0,0,0
2018-03976,1,0,1,1,1,0,1,1,1,1,0
2018-02403,1,0,1,0,1,1,0,1,0,1,1
2018-03649,1,0,1,1,1,0,1,0,1,0,0
2018-01776,1,0,1,0,0,0,1,0,0,0,1
2018-02742,1,1,1,1,1,0,1,1,1,0,0
2018-03382,1,1,1,0,1,1,1,0,0,0,0
2018-04128,1,1,1,1,1,0,0,1,0,1,0
2018-00011,1,1,1,0,1,0,1,0,0,0,0
2018-02335,0,1,0,1,1,1,1,1,1,1,0
2018-04166,0,1,1,1,1,1,1,1,1,0,0
2018-03081,1,0,1,1,1,0,1,0,1,0,1
2018-00750,1,0,1,0,0,0,0,1,1,0,0
2018-00708,0,1,1,0,1,0,1,0,0,0,0
2018-03021,1,0,1,1,1,0,1,1,1,0,0
2018-02780,1,1,1,0,1,0,1,0,0,0,0
2018-00821,0,1,1,1,1,1,1,1,1,1,0
2018-00572,1,0,1,1,1,0,0,0,1,0,0
2018-01829,1,1,1,1,1,0,1,0,1,0,0
2018-02461,1,1,1,1,1,0,0,0,1,0,0
2018-03443,1,0,1,1,1,0,0,1,1,0,0
2018-01609,1,1,1,1,1,1,1,1,1,0,0
2018-02199,1,0,1,0,1,0,0,1,0,0,0
2018-00992,1,1,1,0,1,0,1,0,1,0,0
2018-00578,1,0,1,0,1,0,0,1,1,1,0
2018-00209,1,0,1,0,1,0,0,1,1,0,0
2018-00589,1,1,0,1,1,1,0,1,1,1,1
2018-00130,1,1,1,0,1,0,0,0,1,0,0
2018-01371,1,1,1,0,0,0,0,1,1,0,0
2018-04218,1,1,1,1,1,0,1,1,1,0,0
2018-01349,1,0,1,0,0,0,0,0,1,0,0
2018-00145,1,1,1,0,1,1,1,1,1,0,0
2018-02565,1,0,0,1,0,1,1,1,1,0,0
2018-03116,1,1,1,1,1,0,1,1,0,0,0
2018-02961,1,0,1,1,1,0,1,1,1,0,0
2018-00608,1,1,1,0,0,0,0,1,1,0,0
2018-00218,1,1,0,1,1,1,1,0,1,1,1
2018-03793,1,0,1,0,1,0,1,0,0,0,1
2018-01959,1,1,1,1,0,0,0,0,1,0,0
2018-01393,1,1,1,0,1,1,1,0,1,0,0
2018-01444,1,1,1,0,1,1,1,1,1,0,0
2018-02487,1,1,1,0,0,0,0,1,1,0,0
2018-01036,1,1,0,0,1,1,1,0,0,0,0
2018-01791,1,0,1,1,0,1,1,0,1,0,0
2018-03190,0,0,1,1,1,1,1,1,1,1,0
2018-04337,1,0,0,1,1,1,0,0,1,0,0
2018-03725,1,1,0,1,1,1,1,0,1,0,0
2018-02075,1,1,0,1,1,1,1,1,1,0,0
2018-01159,1,1,1,0,1,0,1,0,1,0,0
2018-01448,1,0,1,0,1,1,1,0,1,0,0
2018-02810,1,1,1,1,1,0,1,0,1,0,0
2018-03616,1,1,1,1,1,1,0,1,1,1,0
2018-01164,1,1,0,0,1,0,1,0,1,0,0
2018-00777,1,0,1,1,1,0,0,1,1,0,0
2018-00782,1,0,0,1,1,0,0,1,1,0,1
2018-03554,1,0,1,1,0,0,0,1,1,0,1
2018-02711,1,0,1,1,1,1,1,0,0,0,0
2018-02415,1,0,0,0,1,1,1,0,1,0,0
2018-04280,1,1,1,0,1,1,1,0,1,1,0
2018-03104,1,0,1,1,1,1,0,1,1,0,0
2018-01427,1,0,1,0,1,0,0,0,1,0,0
2018-04120,1,1,1,0,1,0,1,0,0,0,0
2018-00429,1,1,1,1,1,0,0,1,1,0,0
2018-02387,1,1,1,1,1,1,1,1,1,0,0
2018-02770,1,1,1,1,1,0,1,0,1,0,0
2018-03313,0,1,1,1,1,0,1,0,1,0,0
2018-00101,1,1,1,1,0,0,1,0,1,0,0
2018-01092,1,1,0,1,1,0,1,0,0,0,0
2018-00757,1,0,1,1,1,0,1,0,1,0,0
2018-02738,1,0,1,1,0,0,1,0,0,0,0
2018-00193,1,1,1,0,1,1,1,0,1,0,1
2018-02299,1,0,1,1,1,0,1,0,1,0,1
2018-01267,1,0,1,1,0,0,0,1,1,0,0
2018-02720,0,1,1,0,1,0,1,0,0,0,0
2018-01620,1,1,1,0,1,0,1,0,1,0,0
2018-02701,0,1,1,1,1,1,1,1,0,1,0
2018-03194,1,1,0,1,1,1,1,0,1,0,0
2018-01317,1,1,1,1,1,0,1,0,1,0,0
2018-00043,0,0,1,1,1,0,1,0,0,0,0
2018-00069,1,1,1,1,1,0,1,1,0,0,0
2018-02690,0,1,0,0,1,1,1,0,1,0,0
2018-01070,1,0,0,1,1,0,1,0,1,0,0
2018-02158,1,0,1,0,1,0,0,1,1,0,0
2018-00127,0,1,0,1,1,1,0,1,1,1,0
2018-01880,1,1,1,1,1,1,1,1,1,1,0
2018-04097,1,1,1,1,1,0,1,0,0,0,0
2018-00549,0,0,1,1,1,0,1,0,1,0,0
2018-03710,1,1,1,1,1,1,1,1,1,0,0
2018-02287,1,1,1,0,1,1,1,0,1,1,0
2018-02210,1,1,1,1,1,0,1,0,1,0,0
2018-03515,1,1,1,0,1,1,0,1,1,0,0
2018-03126,1,0,1,1,1,1,1,1,0,1,0
2018-04364,1,1,1,0,1,0,1,0,1,0,0
2018-01927,1,0,1,0,0,0,1,1,1,0,0
2018-00243,0,1,0,0,1,0,1,1,1,0,0
2018-04122,0,0,0,1,1,0,1,0,0,1,0
2018-01811,0,1,1,0,1,1,1,1,1,0,0
2018-03071,1,0,1,0,1,0,1,0,1,0,0
2018-01868,0,0,0,1,1,1,1,0,1,0,0
2018-03442,1,0,1,1,1,1,1,1,1,0,0
2018-01847,1,1,1,0,1,1,1,1,1,1,0
2018-02248,1,1,1,0,1,1,1,0,1,1,0
2018-02917,1,1,1,0,0,0,1,0,1,1,1
2018-04017,1,1,1,0,1,0,1,1,1,1,0
2018-01067,1,1,1,0,1,1,1,1,1,1,0
2018-01631,1,1,1,1,1,1,1,0,1,0,0
2018-03689,1,0,1,0,1,0,1,0,1,0,0
2018-02102,1,0,1,0,1,0,1,0,0,0,0
2018-01498,1,1,1,0,1,0,0,1,1,0,0
2018-03693,0,1,1,1,1,0,1,1,1,0,1
2018-03118,0,1,0,0,1,0,1,1,0,0,0
2018-03079,1,1,1,1,1,1,1,1,1,0,0
2018-03548,1,1,1,0,1,0,1,0,1,0,0
2018-02486,1,1,1,0,1,0,0,0,1,0,0
2018-01091,1,1,0,1,1,0,1,1,1,0,0
2018-02624,1,0,0,1,1,0,1,1,0,0,0
2018-01523,1,1,1,0,1,0,1,0,1,0,0
2018-04379,1,0,1,0,1,0,1,1,1,0,0
2018-01085,1,0,1,0,1,0,0,1,1,0,0
2018-03650,1,1,1,0,0,0,1,0,0,0,0
2018-01708,1,1,0,0,1,1,1,0,1,1,0
2018-00830,1,1,1,1,1,1,1,1,0,0,0
2018-00403,1,1,1,1,1,0,0,0,1,0,0
2018-02724,1,0,1,0,1,0,1,0,1,0,0
2018-01588,1,0,1,0,0,0,1,1,1,0,0
2018-02611,1,0,0,0,1,1,1,1,1,0,0
2018-01615,0,1,1,1,1,1,1,1,0,1,0
2018-02712,0,1,1,0,1,1,1,0,1,0,0
2018-02795,1,0,1,0,1,0,1,0,1,0,0
2018-01177,0,1,1,1,1,1,1,1,1,0,0
2018-01795,1,0,1,1,0,0,1,1,1,0,1
2018-04270,1,0,1,1,1,1,1,0,1,0,0
2018-03535,1,1,1,0,1,0,1,0,1,0,0
2018-03125,1,1,1,1,1,1,1,0,1,0,0
2018-03534,1,1,1,1,1,1,1,0,1,0,0
2018-00178,1,1,1,0,1,1,1,1,1,1,0
2018-02092,1,0,0,0,1,0,1,1,1,1,0
2018-02595,1,0,1,1,1,0,1,1,1,1,0
2018-04139,1,1,1,0,1,0,1,0,0,0,0
2018-02049,1,0,1,1,1,0,1,0,1,0,0
2018-00232,1,1,1,0,1,0,1,0,1,0,0
2018-00906,1,1,1,0,0,0,1,0,1,0,0
2018-02160,1,1,1,0,0,0,1,0,1,0,0
2018-02080,1,1,1,0,1,0,1,1,1,0,0
2018-02601,1,1,1,0,1,0,1,0,1,1,0
2018-02954,1,1,1,1,1,1,1,0,1,0,0
2018-04085,1,0,1,1,1,0,1,1,0,0,0
2018-03636,1,1,1,0,1,1,1,0,1,0,0
2018-02062,1,0,1,0,0,0,0,1,1,0,0
2018-03153,1,0,1,1,1,0,1,0,1,1,0
2018-00875,1,0,1,0,0,0,0,0,1,0,0
2018-03085,1,1,1,1,1,0,1,0,1,0,0
2018-03629,1,1,1,1,1,0,1,0,1,1,1
2018-01058,0,0,1,1,1,0,1,0,1,0,0
2018-03806,1,1,1,1,1,0,1,0,1,0,0
2018-03239,1,1,1,1,1,1,1,0,1,0,0
2018-03720,1,1,1,0,1,0,1,0,0,0,0
2018-00543,1,1,1,0,1,1,0,0,1,0,0
2018-03157,1,1,1,1,1,0,1,0,0,1,0
2018-01081,1,0,1,0,1,0,1,0,1,0,0
2018-03294,1,1,1,1,1,1,0,0,1,0,1
2018-02741,1,0,1,0,1,0,1,0,0,0,0
2018-00139,1,0,1,0,1,0,0,0,1,0,0
2018-03343,1,1,1,1,1,1,1,1,1,0,0
2018-03698,1,1,1,0,1,0,1,0,1,0,0
2018-03842,0,0,1,1,1,0,1,0,0,0,0
2018-00227,1,0,1,1,0,0,1,1,0,1,0
2018-03607,1,1,1,1,1,1,0,1,1,0,1
2018-02452,0,1,0,1,1,1,0,0,0,0,0
2018-04107,1,1,1,0,1,0,1,1,1,0,0
2018-03631,0,1,1,1,1,0,1,0,1,1,0
2018-00424,0,1,1,1,1,1,1,1,0,0,0
2018-01352,0,0,1,1,1,0,1,1,1,0,0
2018-02307,1,0,1,1,1,0,1,0,1,1,1
2018-03356,1,1,1,0,1,1,1,1,0,0,0
2018-00421,0,0,0,1,0,0,1,0,0,0,0
2018-03095,0,1,1,0,1,1,1,1,1,1,1
2018-00497,1,1,1,1,1,0,0,1,1,0,0
2018-01766,1,1,1,0,0,0,1,1,1,1,0
2018-03547,1,0,1,1,0,0,1,0,0,1,0
2018-02108,1,1,1,0,0,1,1,0,1,0,0
2018-02906,1,1,1,0,1,1,1,1,1,0,0
2018-00166,1,0,1,1,1,0,1,1,1,0,0
2018-00753,1,1,1,0,0,0,1,0,0,0,0
2018-01244,1,1,1,1,0,0,1,1,0,0,0
2018-00295,1,1,0,1,1,1,1,0,1,0,0
2018-03135,1,1,0,1,1,1,1,0,1,1,0
2018-03171,0,1,1,0,1,0,1,0,1,0,0
2018-03380,1,1,0,0,1,1,1,1,1,0,1
2018-01576,1,1,1,0,1,0,0,0,1,0,0
2018-01039,0,1,0,0,1,1,1,1,1,1,0
2018-02859,1,0,1,1,1,0,1,0,1,1,0
2018-00084,1,1,1,0,0,1,0,1,1,0,0
2018-01728,0,1,1,1,1,0,1,0,1,0,0
2018-03852,1,1,0,0,1,0,1,0,0,0,0
2018-03495,1,1,1,1,1,0,1,0,1,0,0
2018-01614,1,1,1,1,1,0,0,1,1,0,0
2018-01301,1,1,0,0,1,1,1,0,0,0,0
2018-02144,1,0,1,1,1,1,1,1,1,0,0
2018-03059,1,1,0,0,0,0,1,1,1,0,0
2018-02957,1,1,1,1,0,1,1,1,1,0,1
2018-04056,1,0,1,1,0,0,1,0,1,1,0
2018-02980,1,0,1,0,1,1,1,0,1,1,0
2018-03172,1,1,1,1,1,0,1,1,1,0,0
2018-02427,0,1,1,1,1,1,1,0,1,0,0
2018-03747,0,1,1,0,1,0,1,0,0,0,0
2018-00735,1,1,1,0,1,1,1,0,1,1,0
2018-00961,1,0,1,1,1,0,0,0,0,0,0
2018-01397,0,1,1,0,1,0,1,0,0,0,0
2018-03574,0,0,1,1,1,0,1,0,0,0,0
2018-00266,1,0,0,1,1,1,1,1,1,0,0
2018-04205,1,1,1,1,1,0,1,0,0,0,0
2018-00678,1,0,1,0,1,0,0,1,1,0,0
2018-02492,1,0,1,0,1,1,1,0,1,0,0
2018-00787,1,1,1,0,1,1,0,0,1,0,0
2018-00298,1,0,1,1,1,0,0,1,1,0,0
2018-01687,1,1,1,1,1,0,1,1,0,0,0
2018-03374,1,0,1,1,0,0,1,0,0,0,0
2018-03242,1,1,0,1,1,1,1,0,0,0,0
2018-00730,1,1,0,1,1,0,1,1,1,1,0
2018-02817,1,0,1,1,0,1,1,1,1,0,0
2018-01989,1,0,1,1,1,0,1,0,0,0,0
2018-02984,0,1,0,0,1,0,1,1,1,0,0
2018-00533,1,1,1,0,1,0,0,0,1,0,0
2018-01255,0,1,1,0,1,0,1,1,1,0,0
2018-00252,1,1,1,0,1,0,0,1,1,0,0
2018-02029,1,1,1,0,1,0,0,0,1,0,0
2018-02020,1,0,0,1,1,1,1,0,1,0,0
2018-03552,1,1,1,1,1,1,1,0,0,0,0
2018-03484,1,1,0,1,1,1,1,1,1,1,0
2018-01536,1,1,1,0,1,0,1,1,1,0,0
2018-01677,1,1,0,0,1,0,1,0,1,1,0
2018-01746,1,1,1,0,1,1,0,1,1,1,0
2018-02868,1,0,1,1,1,0,1,1,1,0,0
2018-00605,0,1,1,1,0,1,0,1,1,0,0
2018-03531,1,1,1,0,0,0,1,1,1,0,0
2018-02358,1,1,1,0,1,0,0,1,1,1,0
2018-01656,1,0,1,1,1,0,1,0,1,1,0
2018-02553,1,0,1,0,1,0,1,1,0,0,0
2018-00340,1,1,1,0,1,1,1,1,1,1,0
2018-00854,1,1,0,1,1,0,1,0,0,0,0
2018-03762,0,0,0,1,1,0,1,0,1,0,0
2018-02542,1,1,1,0,1,1,1,0,0,1,0
2018-03661,1,1,0,0,1,0,1,0,1,1,0
2018-02269,1,0,1,1,0,0,1,0,1,0,0
2018-04281,1,1,1,0,0,1,1,1,1,0,0
2018-02499,1,1,0,1,1,1,1,0,1,0,0
2018-00842,1,1,1,1,1,0,0,1,1,0,0
2018-03796,0,1,1,1,1,0,1,0,0,0,0
2018-00646,1,1,1,1,1,1,0,1,1,0,0
2018-00418,1,0,1,0,1,0,0,1,1,0,0
2018-02709,1,1,1,1,1,0,1,1,1,0,0
2018-02318,1,1,0,1,1,1,1,0,1,0,0
2018-00985,1,1,1,1,1,0,1,1,0,0,0
2018-02977,1,1,1,0,0,0,0,1,1,0,0
2018-02731,1,1,1,0,1,1,1,1,1,0,0
2018-02470,0,0,1,1,1,1,1,1,0,0,0
2018-00864,1,1,1,1,1,0,1,1,1,0,0
2018-00111,1,1,1,0,0,1,0,1,1,0,0
2018-02567,0,1,1,1,1,0,1,1,1,1,0
2018-00113,1,0,0,1,1,0,0,0,1,1,0
2018-02114,1,1,0,0,1,1,1,0,0,0,0
2018-02902,1,0,1,0,1,0,1,0,1,0,0
2018-02639,1,1,1,1,1,0,1,0,0,0,0
2018-02508,1,0,1,1,1,0,1,0,1,0,0
2018-02503,1,1,0,1,1,1,1,0,1,0,0
2018-00967,0,1,1,0,0,0,1,0,1,0,0
2018-02321,1,1,1,1,1,0,1,1,1,0,0
2018-00254,1,1,0,0,1,0,1,0,1,0,0
2018-01985,1,1,1,0,0,0,1,0,0,1,0
2018-02547,1,0,1,1,1,0,1,0,1,1,0
2018-02061,1,0,1,0,1,0,1,0,0,0,0
2018-02981,1,1,1,1,1,1,0,1,1,0,0
2018-02364,1,0,1,1,0,0,1,1,0,0,0
2018-03211,1,1,0,1,1,1,0,0,1,1,1
2018-03949,1,0,1,0,1,0,1,0,1,0,0
2018-00952,1,1,0,0,1,0,1,0,0,0,0
2018-03845,1,1,1,0,0,0,0,0,1,0,0
2018-03528,0,1,1,0,1,1,1,0,1,1,0
2018-01344,1,0,1,1,1,0,1,0,0,0,0
2018-03110,1,0,1,0,1,0,0,0,1,0,0
2018-00378,1,1,0,1,1,1,1,0,1,0,0
2018-03198,1,0,1,0,0,0,1,0,1,1,0
2018-03431,1,0,1,0,1,0,1,0,1,0,0
2018-04095,1,1,1,1,1,0,1,1,0,0,0
2018-03690,1,1,1,1,1,0,1,0,1,0,1
2018-03146,1,0,1,1,0,0,0,0,1,0,0
2018-02432,0,1,1,0,1,0,1,0,1,0,0
2018-02852,0,0,1,1,1,0,1,0,0,0,0
2018-00060,0,0,1,1,1,0,1,1,1,0,0
2018-00048,0,1,1,1,1,0,1,0,1,0,0
2018-03979,1,1,1,0,1,1,0,1,0,0,0
2018-00304,0,0,1,1,1,1,1,1,1,0,0
2018-02051,1,1,1,1,1,1,1,1,1,1,0
2018-03285,1,1,1,1,1,0,1,0,1,0,0
2018-00132,1,0,1,1,0,0,1,1,1,1,0
2018-00047,1,1,0,0,1,1,1,0,0,0,0
2018-02714,1,0,1,0,1,0,1,1,0,0,0
2018-02174,1,0,1,0,1,0,1,0,1,0,0
2018-04345,0,0,1,1,1,0,1,1,1,0,0
2018-00654,1,0,1,0,1,0,1,0,0,0,0
2018-03551,1,1,1,1,0,0,1,1,1,0,0
2018-02787,0,1,1,1,1,1,1,1,0,1,1
2018-01277,0,1,1,1,1,1,1,1,1,0,0
2018-01089,0,0,1,0,1,0,1,0,0,0,0
2018-03893,1,0,1,0,1,0,1,1,1,0,0
2018-02232,0,1,0,1,1,0,1,0,0,0,0
2018-02453,0,1,1,1,1,0,0,0,0,0,0
2018-01035,1,1,1,0,1,0,1,0,1,1,0
2018-00400,1,1,1,0,0,0,0,1,1,1,0
2018-01025,1,0,1,1,0,1,1,1,1,1,1
2018-04240,1,1,0,1,1,0,1,1,1,0,1
2018-01028,1,1,1,0,1,0,1,0,1,0,0
2018-01270,1,0,1,1,1,0,1,1,1,0,0
2018-04138,0,1,1,1,1,0,1,0,1,0,0
2018-03868,1,1,1,0,1,0,1,0,0,0,0
2018-03594,1,1,1,0,0,1,1,0,1,1,1
2018-01698,1,0,1,1,1,1,1,1,1,0,1
2018-00228,1,0,1,1,1,0,1,1,0,0,0
2018-04282,1,1,1,0,1,0,1,0,1,1,0
2018-01558,1,1,1,1,1,1,1,1,1,0,1
2018-01694,1,1,1,1,1,0,1,1,1,0,0
2018-02855,1,0,1,1,1,0,1,0,1,1,0
2018-01780,1,1,1,0,1,0,1,0,1,0,0
2018-00286,1,1,1,0,0,0,1,0,1,0,0
2018-04226,1,1,1,1,1,1,1,1,1,0,0
2018-03143,1,1,1,0,1,1,1,0,1,0,0
2018-00546,1,1,1,1,1,0,1,0,1,1,0
2018-02262,1,0,1,1,1,1,1,1,1,1,1
2018-00738,1,0,0,1,1,0,1,1,1,1,0
2018-01404,1,1,0,1,1,0,1,0,0,0,0
2018-00594,1,1,1,0,1,1,1,0,1,0,0
2018-01142,1,1,1,1,1,0,1,0,1,0,1
2018-00422,0,1,1,1,1,1,1,0,0,0,0
2018-01071,1,0,0,1,0,0,0,0,1,1,0
2018-04257,1,1,1,0,1,0,1,0,1,0,0
2018-02411,1,1,1,0,0,1,1,0,1,0,0
2018-03054,1,1,1,1,1,1,1,1,1,1,0
2018-02515,1,1,1,0,1,0,1,0,1,0,0
2018-03626,0,0,0,0,1,0,1,0,0,0,0
2018-03934,1,1,1,1,1,1,1,0,1,0,0
2018-03696,1,1,0,0,1,1,1,0,1,0,0
2018-02227,1,0,1,1,1,0,1,0,1,0,0
2018-00066,1,1,0,0,1,1,1,1,1,0,0
2018-00267,1,1,0,0,1,1,0,0,0,0,0
2018-00302,0,1,1,0,1,1,1,0,0,0,0
2018-02782,1,0,1,1,1,1,1,0,1,0,0
2018-00878,1,0,1,1,1,0,1,1,0,1,0
2018-02913,1,1,1,1,0,1,1,1,1,1,1
2018-01357,0,0,1,1,1,0,1,1,0,0,0
2018-02140,1,0,1,1,1,0,1,0,0,0,0
2018-01655,1,1,1,0,1,0,1,0,1,0,0
2018-03684,1,1,1,0,1,1,1,0,1,0,0
2018-00933,0,0,0,1,1,0,1,0,0,0,0
2018-03132,0,0,0,1,1,1,1,0,1,0,0
2018-00008,1,0,1,1,1,1,1,0,1,0,0
2018-00860,1,0,1,0,1,1,0,0,1,0,0
2018-02351,1,0,1,0,1,0,1,0,1,1,0
2018-03569,0,0,1,0,1,0,1,0,1,1,0
2018-01260,1,0,1,0,1,0,1,0,1,0,0
2018-01157,0,0,1,0,0,0,0,0,0,0,1
2018-02168,0,1,0,0,1,1,1,0,0,1,0
2018-02864,0,0,1,1,1,0,1,0,1,0,0
2018-02133,0,0,1,1,1,0,1,0,1,1,0
2018-00061,1,0,1,1,1,0,1,0,0,0,0
2018-04343,1,1,0,1,1,0,1,1,1,1,0
2018-04015,1,0,1,0,1,0,1,0,1,0,0
2018-02973,1,1,0,0,1,1,1,1,1,0,0
2018-04058,1,1,1,0,1,0,0,0,1,0,0
2018-04174,0,1,1,1,1,0,1,1,1,0,0
2018-03049,1,1,1,0,1,0,1,0,0,0,0
2018-03093,1,0,0,1,1,0,0,0,1,0,1
2018-03210,1,1,1,0,1,0,1,1,1,0,0
2018-00237,1,0,1,0,1,0,1,0,1,0,0
2018-03539,1,1,1,0,0,1,1,0,1,0,0
2018-02564,1,1,0,1,1,1,1,0,0,0,0
2018-01534,1,1,1,1,1,0,1,0,0,0,0
2018-02251,1,1,1,1,1,1,1,1,1,1,0
2018-01662,1,0,1,1,1,0,1,1,1,0,0
2018-02253,1,1,1,0,0,0,0,0,0,0,0
2018-02681,1,1,0,1,1,1,1,0,1,1,0
2018-00498,1,0,1,0,0,0,1,1,1,0,1
2018-00715,1,1,1,0,0,0,1,1,1,1,0
2018-03960,1,1,1,0,1,0,1,0,1,0,0
2018-01405,1,1,1,1,1,0,1,0,1,0,0
2018-00596,1,0,1,0,1,0,1,0,1,0,0
2018-03070,1,0,1,1,1,0,1,0,0,0,0
2018-03274,1,0,1,0,1,0,1,1,1,0,0
2018-02638,0,1,0,1,1,0,1,0,0,0,0
2018-02284,1,0,1,1,1,0,1,0,1,0,0
2018-04311,1,0,1,0,1,0,1,0,1,0,0
2018-02242,1,0,1,1,0,0,0,0,1,0,0
2018-01517,0,1,1,1,1,0,1,0,0,0,0
2018-04011,1,0,0,1,1,0,1,1,0,0,0
2018-02224,1,0,1,0,1,0,1,1,0,0,0
2018-00174,1,1,0,1,1,0,1,1,1,0,0
2018-00085,1,1,1,1,1,1,1,1,1,1,0
2018-02530,1,1,1,1,0,0,0,0,1,1,0
2018-00435,1,1,1,1,1,1,1,1,1,0,0
2018-00711,1,1,1,0,1,0,0,0,1,0,0
2018-04114,0,0,1,1,1,0,1,0,0,0,0
2018-02320,1,1,1,0,1,1,1,0,1,0,0
2018-00573,1,1,1,0,1,0,1,1,1,0,0
2018-03019,1,1,1,0,1,1,1,1,1,0,0
2018-01883,1,1,1,0,1,1,0,0,1,0,0
2018-02343,1,1,1,1,1,1,1,1,1,0,0
2018-02425,1,0,1,1,1,1,1,1,1,0,0
2018-03794,0,1,1,0,1,1,1,0,1,0,0
2018-04207,1,1,1,1,0,0,1,1,0,0,0
2018-02807,0,1,1,0,1,1,1,0,1,0,0
2018-00717,1,1,1,0,1,0,1,0,1,0,0
2018-01303,1,1,1,1,1,0,1,0,0,0,0
2018-00353,1,1,0,0,1,0,1,1,1,0,0
2018-02119,1,1,1,0,1,0,1,0,1,0,0
2018-02586,0,0,0,0,1,1,1,0,1,0,0
2018-00313,1,1,1,1,0,0,0,1,1,0,0
2018-03704,1,0,1,0,1,1,1,0,1,0,0
2018-04053,1,1,1,1,1,0,1,1,1,0,0
2018-02897,1,1,1,0,1,0,1,0,1,0,0
2018-02682,0,0,1,1,1,0,1,0,0,0,0
2018-01029,1,1,1,1,0,0,0,0,1,0,0
2018-01110,1,1,1,0,1,1,1,1,0,0,1
2018-01623,1,1,1,0,1,1,1,0,0,0,0
2018-00659,1,1,1,0,1,0,0,1,1,0,0
2018-00157,1,0,1,1,1,1,1,0,1,0,0
2018-02250,0,1,0,1,1,0,1,0,1,0,0
2018-00638,1,0,1,0,0,0,1,0,1,0,0
2018-01413,1,0,1,1,1,0,1,0,0,1,0
2018-02301,0,0,1,1,1,1,0,0,1,0,0
2018-00381,1,1,0,0,1,0,1,0,1,0,0
2018-00098,1,1,1,1,1,1,1,1,1,0,0
2018-02201,1,1,0,1,1,1,1,0,0,0,0
2018-01111,0,1,0,1,1,0,1,0,1,1,0
2018-02767,1,0,1,1,1,1,0,0,1,0,0
2018-04147,1,0,1,0,1,0,1,0,1,0,0
2018-00679,1,0,1,1,1,1,1,1,1,0,0
2018-02999,1,1,0,1,1,1,1,0,0,0,0
2018-03709,1,0,1,1,0,0,0,0,0,1,0
2018-02805,1,1,1,0,1,1,1,0,0,0,0
2018-02290,1,1,1,1,1,0,0,1,1,0,0
2018-03389,1,1,1,1,1,0,1,0,1,0,0
2018-03773,1,1,0,0,0,1,1,1,1,0,0
2018-03896,0,1,0,0,1,1,1,0,1,1,0
2018-00146,0,1,1,1,1,0,1,0,1,0,0
2018-01752,1,1,0,1,0,0,1,1,1,1,0
2018-03298,1,1,1,0,1,0,1,0,1,0,0
2018-04104,1,1,1,1,0,0,1,0,1,1,0
2018-02282,0,0,1,0,1,0,1,1,1,0,0
2018-02630,1,1,1,0,1,1,1,1,1,0,0
2018-01199,1,1,1,0,1,0,1,0,1,0,0
2018-03873,1,1,1,0,1,1,1,0,1,1,0
2018-03331,1,0,1,0,1,0,0,0,1,0,0
2018-02395,1,1,1,0,1,0,1,0,1,0,0
2018-04061,1,1,0,0,1,0,1,1,1,1,0
2018-00814,0,1,1,1,1,1,1,1,1,0,0
2018-03409,1,0,1,1,0,1,1,1,0,1,0
2018-01011,1,1,1,1,0,1,1,1,1,0,0
2018-00988,1,1,0,0,1,0,1,0,1,0,0
2018-01690,1,1,1,1,0,0,1,1,1,0,1
2018-00677,0,0,1,1,1,1,1,0,1,0,0
2018-00778,0,1,0,0,1,0,1,1,1,0,0
2018-01401,1,1,1,0,1,0,1,1,1,0,1
2018-03915,1,1,1,1,1,1,1,1,0,0,1
2018-02213,1,1,1,0,1,1,1,0,0,0,0
2018-03977,1,1,1,0,1,1,0,0,1,0,0
2018-00733,0,0,0,0,1,0,1,1,1,0,0
2018-00536,1,0,1,0,1,0,1,0,1,0,0
2018-00710,1,1,1,0,1,1,1,0,0,0,0
2018-01878,1,0,1,0,0,0,0,1,1,0,0
2018-03635,1,1,1,1,0,0,1,0,1,1,0
2018-02887,1,0,1,0,1,0,1,1,1,0,0
2018-02109,1,1,1,1,1,1,1,0,0,1,0
2018-02072,1,1,1,1,1,1,1,0,1,0,0
2018-04178,1,0,0,1,1,1,1,0,1,0,0
2018-01760,1,1,1,0,1,0,1,1,1,0,1
2018-00464,1,1,1,0,1,0,1,0,1,0,0
2018-01309,1,1,1,0,1,1,0,0,0,0,0
2018-02085,1,1,1,0,1,0,1,0,0,1,0
2018-03221,1,0,1,0,1,1,1,0,0,0,0
2018-03606,1,1,1,1,1,0,1,1,1,1,0
2018-02574,1,1,0,1,1,1,1,0,1,0,0
2018-03164,1,1,1,0,1,1,1,0,1,1,0
2018-03503,1,1,1,1,0,0,1,1,0,0,0
2018-03148,1,1,1,1,1,0,0,0,0,0,0
2018-00163,1,1,1,1,0,0,1,1,1,0,0
2018-02525,1,1,0,0,1,0,1,0,1,1,0
2018-01062,0,0,1,0,1,0,1,0,0,0,0
2018-02027,1,1,1,1,1,0,0,0,1,0,0
2018-03109,1,0,1,0,1,0,1,0,0,0,0
2018-01836,1,1,1,0,0,0,0,0,1,0,0
2018-01196,1,0,1,1,1,0,1,1,1,1,0
2018-03856,0,1,1,0,1,0,1,1,0,0,0
2018-00434,1,0,1,0,1,0,0,0,0,0,0
2018-03581,1,1,1,0,1,0,1,0,0,0,0
2018-02456,1,0,1,1,1,0,1,0,1,0,0
2018-02608,1,1,0,1,1,0,1,0,1,0,1
2018-01156,1,1,1,0,1,0,1,0,0,0,0
2018-04359,1,0,0,0,1,1,1,0,1,1,0
2018-01892,1,1,1,0,1,1,0,0,1,0,0
2018-01102,0,1,0,0,1,1,1,1,0,0,0
2018-02093,0,1,0,1,1,1,1,0,0,0,0
2018-03939,1,0,1,1,0,1,0,1,0,1,0
2018-02402,1,0,1,0,1,1,1,0,1,1,0
2018-00384,1,1,1,1,1,0,1,1,1,0,0
2018-03775,1,0,1,1,1,1,1,0,1,0,0
2018-00064,1,1,0,1,1,1,1,0,1,0,0
2018-01483,1,0,1,0,1,1,1,0,0,0,0
2018-04140,0,0,1,1,1,0,1,0,1,0,0
2018-01986,1,1,0,1,1,1,1,0,0,0,0
2018-02572,1,0,1,1,1,0,1,0,1,0,0
2018-00175,1,1,1,0,1,1,1,0,0,0,0
2018-01163,1,1,1,1,1,1,0,1,1,1,0
2018-01805,1,1,0,1,1,1,1,0,1,1,0
2018-03872,1,1,1,0,1,0,0,1,1,0,1
2018-03937,1,0,1,1,1,0,0,1,1,0,0
2018-02131,1,1,1,1,1,0,1,1,1,0,0
2018-03074,0,1,0,0,1,1,1,0,1,0,0
2018-00734,0,1,1,1,1,1,1,1,1,0,0
2018-00282,1,1,0,0,1,1,1,1,1,0,0
2018-03782,1,1,1,1,1,1,1,0,0,0,0
2018-00265,1,1,1,1,1,0,0,1,1,0,0
2018-00307,1,1,1,1,1,0,1,1,1,0,0
2018-00211,1,1,1,1,1,1,1,0,0,0,0
2018-03160,1,1,0,0,1,0,0,0,0,0,0
2018-02267,1,1,1,0,1,0,1,1,0,0,0
2018-01358,1,1,1,1,1,0,1,1,1,0,0
2018-00104,1,1,1,1,1,1,0,0,1,1,0
2018-03324,1,1,1,1,0,1,0,0,1,0,0
2018-00631,1,0,1,0,1,0,1,1,1,0,0
2018-03323,0,1,0,1,1,0,1,0,1,0,0
2018-02009,1,1,1,0,0,0,1,1,1,0,0
2018-04102,1,1,1,1,1,0,1,1,1,0,1
2018-01313,0,1,0,1,1,1,0,0,0,0,0
2018-02134,1,0,1,0,1,1,1,0,1,0,0
2018-01792,1,0,1,1,1,1,1,0,1,0,1
2018-03851,0,0,0,1,1,0,1,0,1,0,0
2018-01827,1,0,0,0,1,1,1,0,0,1,1
2018-01411,1,1,1,0,0,1,1,0,1,0,0
2018-00063,1,0,0,1,1,1,0,0,1,0,0
2018-02152,0,1,1,1,1,1,1,0,1,0,0
2018-03489,0,1,0,0,1,0,1,0,1,0,0
2018-03756,1,0,1,0,1,1,0,1,0,0,0
2018-02155,1,1,1,0,1,0,1,1,1,1,0
2018-03982,1,1,1,1,1,0,0,0,1,0,0
2018-00188,1,0,1,0,1,0,0,0,1,0,0
2018-01193,1,1,1,0,0,0,1,1,1,0,0
2018-01565,1,0,1,0,1,0,1,0,1,1,1
2018-02400,1,0,1,1,1,0,0,1,0,0,0
2018-00508,1,0,1,0,1,1,1,1,1,0,0
2018-00262,1,1,1,1,1,0,1,1,1,0,0
2018-00369,1,1,1,1,1,1,0,1,1,0,0
2018-03287,1,0,1,0,0,1,1,0,1,0,0
2018-02013,0,1,1,0,1,0,1,1,1,0,0
2018-00911,1,1,1,0,1,0,1,0,1,0,0
2018-00074,1,1,1,0,1,1,1,0,1,0,0
2018-01928,0,1,0,1,1,1,1,1,1,1,0
2018-00454,1,1,1,1,1,1,1,0,1,0,0
2018-02457,1,0,1,1,1,0,1,0,1,0,1
2018-03436,0,1,1,0,1,1,1,1,1,0,0
2018-03457,1,1,1,1,1,0,1,0,1,0,0
2018-02099,1,0,1,0,0,1,1,0,1,0,0
2018-01410,1,0,1,1,0,0,1,0,1,0,0
2018-00954,0,0,1,1,1,0,0,1,1,0,0
2018-02671,1,0,1,1,1,0,1,0,1,0,0
2018-03797,1,0,1,1,1,0,1,0,1,0,0
2018-00651,1,1,1,1,0,0,1,1,1,0,1
2018-00886,1,1,0,1,1,1,1,0,1,0,0
2018-03560,0,0,1,0,1,0,1,0,1,0,0
2018-04290,1,1,1,1,1,0,0,1,1,0,0
2018-01866,1,1,1,0,1,0,1,0,0,0,0
2018-01709,1,0,1,1,0,1,0,0,1,0,0
2018-03589,1,1,1,0,1,0,1,0,1,1,0
2018-00758,0,0,1,1,1,1,1,0,0,0,0
2018-04027,1,1,1,1,1,1,1,1,1,0,1
2018-04034,1,1,1,1,1,0,1,1,1,0,0
2018-03189,1,1,1,1,1,1,1,1,1,0,0
2018-00893,1,0,1,0,1,0,1,1,1,0,1
2018-00609,1,1,1,0,1,0,1,1,1,1,1
2018-02477,1,1,1,0,1,0,1,0,1,0,0
2018-01038,0,1,0,1,1,0,1,0,1,1,0
2018-01365,1,0,1,0,1,0,1,0,0,1,0
2018-01259,1,1,1,0,1,1,1,1,1,0,0
2018-00504,1,1,0,0,1,1,1,1,0,0,0
2018-00885,0,1,0,0,1,0,1,0,1,0,0
2018-03914,1,0,1,0,0,0,1,0,0,0,1
2018-02283,1,0,1,1,0,1,1,0,1,0,0
2018-04262,1,1,1,1,1,1,1,0,0,1,0
2018-02594,1,0,1,1,1,0,1,1,1,0,0
2018-03987,1,1,1,1,0,1,1,1,1,1,0
2018-01737,1,0,1,0,1,0,0,0,1,0,0
2018-01697,1,1,1,1,1,0,1,0,1,0,0
2018-01117,1,0,1,1,1,0,1,0,1,1,0
2018-01107,1,1,0,1,1,1,1,0,1,0,1
2018-01088,1,1,0,1,1,1,1,1,1,1,0
2018-00606,1,0,1,1,1,0,1,0,0,0,0
2018-02716,1,0,1,1,1,0,1,0,0,0,1
2018-01660,1,0,1,0,1,0,1,1,1,0,0
2018-04074,1,0,1,0,0,1,1,1,1,0,0
2018-03100,1,0,1,1,1,0,1,0,1,0,0
2018-01139,1,1,0,1,1,0,1,0,0,0,0
2018-00727,1,1,1,1,1,1,1,0,0,1,0
2018-02217,1,1,1,1,1,1,1,0,1,0,0
2018-00407,1,1,1,1,1,0,0,1,0,0,0
2018-02379,1,1,0,0,1,1,1,0,0,0,0
2018-00462,1,1,0,0,1,1,1,0,0,0,0
2018-01522,1,1,1,1,1,1,1,0,1,1,0
2018-03673,1,1,1,0,1,0,1,1,1,1,0
2018-03376,0,1,0,0,1,0,1,0,1,0,0
2018-00444,0,1,1,1,1,1,1,0,1,0,0
2018-00683,1,0,1,0,1,0,0,0,1,0,0
2018-03819,1,1,1,0,0,0,1,0,1,1,0
2018-00761,1,1,1,0,1,1,1,1,1,0,0
2018-00315,1,1,0,0,1,0,1,1,1,1,0
2018-00154,1,1,1,1,1,1,1,1,0,0,0
2018-00945,1,0,1,0,0,0,1,1,1,0,0
2018-01830,0,0,0,1,1,0,1,0,1,0,0
2018-00837,1,1,1,1,1,0,1,0,0,0,0
2018-02988,1,1,1,1,1,0,0,0,1,0,0
2018-04105,1,0,1,1,1,1,0,0,1,0,0
2018-01740,1,1,0,1,1,0,1,0,1,0,0
2018-04351,0,0,1,0,1,0,1,1,0,0,0
2018-01521,1,0,1,1,1,0,0,1,1,0,0
2018-00939,0,1,1,0,1,1,1,0,1,0,0
2018-02801,1,1,0,0,1,0,1,0,1,0,0
2018-01639,1,1,0,0,1,1,1,1,1,1,0
2018-00285,1,1,1,1,1,0,0,1,1,0,0
2018-03174,0,1,0,1,1,0,1,0,0,0,0
2018-03664,1,1,1,1,0,0,0,0,1,1,0
2018-02697,1,1,1,0,1,0,1,1,1,0,0
2018-01633,1,0,1,1,1,0,0,0,1,0,0
2018-00109,1,1,0,1,1,1,1,0,1,0,0
2018-02604,1,1,1,1,0,1,1,0,1,0,0
2018-00544,1,1,1,1,1,1,1,0,1,1,0
2018-02826,1,1,1,0,1,0,0,1,1,1,0
2018-01669,1,0,1,1,1,0,1,1,1,0,0
2018-00297,1,1,1,0,1,0,1,1,1,0,0
2018-01424,1,0,1,1,1,0,0,1,1,0,0
2018-01454,0,1,1,0,1,1,1,1,0,0,0
2018-01618,1,0,1,1,0,0,0,1,1,0,0
2018-00244,1,0,1,1,1,0,1,1,0,0,0
2018-01217,1,1,1,0,1,0,0,1,0,0,0
2018-00909,1,0,0,0,1,1,1,0,1,0,0
2018-03063,0,1,1,1,0,1,1,1,1,0,0
2018-03613,1,1,1,1,1,0,1,1,1,1,1
2018-04329,1,1,1,1,0,0,1,0,1,0,0
2018-02796,1,0,1,0,1,0,0,0,1,0,0
2018-00902,1,1,1,0,1,0,1,0,1,0,0
2018-02726,0,1,1,1,1,1,1,0,0,0,0
2018-01742,1,1,1,1,1,1,1,1,1,0,0
2018-00869,1,0,1,1,0,0,1,0,1,0,0
2018-04279,1,1,0,0,1,0,1,0,0,0,0
2018-01884,0,0,1,0,1,0,1,0,0,1,0
2018-00791,1,1,1,1,1,0,0,0,1,0,0
2018-03897,1,0,1,1,0,0,0,0,1,0,1
2018-03992,1,1,1,0,1,0,1,0,1,1,0
2018-01794,1,1,0,1,1,0,1,0,1,1,0
2018-01735,1,1,1,1,0,0,1,0,1,1,0
2018-03961,1,0,1,0,1,0,1,0,1,0,0
2018-03113,1,1,1,1,1,0,1,1,1,0,0
2018-01535,1,0,1,0,1,0,1,1,1,0,0
2018-03045,1,0,0,1,1,1,1,1,1,0,1
2018-00698,1,1,1,0,0,1,1,1,0,1,0
2018-03565,1,1,1,0,1,0,1,0,1,1,0
2018-03605,1,0,0,0,1,1,1,1,0,0,0
2018-02184,0,0,0,1,1,0,1,0,0,0,0
2018-00199,1,0,1,1,1,0,0,0,1,0,0
2018-01258,1,1,1,1,0,0,0,1,1,1,0
2018-01076,1,0,1,0,1,0,1,1,1,0,0
2018-00584,1,1,1,0,1,0,1,0,1,0,0
2018-04254,1,0,1,1,0,1,0,0,1,1,0
2018-01779,1,1,1,1,0,0,1,1,1,0,0
2018-03911,1,0,1,1,1,0,1,1,1,0,0
2018-00186,1,1,1,1,1,1,1,0,1,0,0
2018-01894,1,0,1,0,0,0,0,1,0,0,0
2018-01364,0,1,0,0,1,0,1,1,1,0,0
2018-00456,1,1,1,1,1,1,1,0,1,1,0
2018-03660,1,0,0,1,1,0,1,0,1,0,0
2018-01555,0,0,0,1,1,1,0,1,1,0,1
2018-01649,1,1,0,0,1,1,1,0,1,0,0
2018-00769,1,1,1,0,0,1,1,0,1,0,0
2018-03494,0,1,1,1,1,1,1,1,1,0,1
2018-00799,1,0,1,1,1,0,1,0,1,0,0
2018-02552,1,0,1,1,0,0,1,0,1,0,0
2018-01387,1,0,1,0,0,0,1,1,1,0,0
2018-04185,1,0,1,0,1,0,0,0,1,0,0
2018-01941,1,1,0,0,1,1,1,1,0,0,0
2018-01497,0,1,0,0,1,1,1,0,1,0,0
2018-02992,1,0,1,1,0,1,1,0,1,1,0
2018-03761,1,1,1,1,1,0,1,1,1,0,0
2018-01790,1,1,1,0,1,0,0,1,1,0,0
2018-03732,1,1,1,1,1,0,1,1,1,0,0
2018-00741,1,0,1,0,1,0,1,0,0,0,0
2018-02912,0,0,1,0,1,1,1,1,1,0,1
2018-01612,1,1,0,1,1,1,1,1,1,0,0
2018-02211,1,1,1,1,1,1,0,1,0,0,1
2018-00846,0,1,1,1,1,1,1,1,0,0,1
2018-00189,1,1,1,1,1,0,1,0,1,0,0
2018-03155,1,0,1,0,1,0,0,1,1,0,0
2018-03624,1,0,0,0,1,0,1,1,0,0,0
2018-03835,1,1,1,0,1,0,1,0,1,0,0
2018-03593,1,0,1,1,1,0,1,0,0,0,0
2018-02872,1,1,1,0,1,0,0,0,1,0,0
2018-00908,1,0,1,0,1,0,1,0,1,0,1
2018-02881,1,0,1,0,1,0,1,0,1,0,0
2018-02609,1,0,1,0,1,0,1,0,1,1,0
2018-01562,1,1,1,1,1,0,1,0,0,0,0
2018-02693,1,1,1,1,0,0,1,1,0,0,0
2018-03585,1,1,1,0,0,0,0,1,1,0,0
2018-00682,0,0,1,1,1,1,1,0,1,0,0
2018-01686,0,0,1,1,1,0,1,1,1,0,0
2018-00394,1,1,1,0,0,1,0,0,1,0,0
2018-02347,1,0,1,1,1,0,1,1,1,0,0
2018-03061,1,1,1,1,1,0,1,1,1,0,0
2018-02879,1,1,1,1,1,0,1,1,1,0,0
2018-02007,1,1,1,1,1,0,1,1,1,0,0
2018-00524,1,1,1,0,1,0,0,1,1,0,0
2018-04156,1,0,1,1,1,0,1,0,1,0,0
2018-02228,0,0,1,1,1,0,1,1,0,0,0
2018-01210,1,1,1,1,1,1,1,1,0,1,0
2018-02531,1,0,1,1,1,0,0,1,1,0,0
2018-03182,0,1,1,0,1,1,1,0,1,0,1
2018-01664,1,1,1,0,1,0,1,0,1,0,0
2018-02804,1,1,0,1,1,1,1,0,1,0,0
2018-01699,1,1,1,1,1,1,1,0,1,0,0
2018-04288,1,0,0,0,1,0,1,0,1,1,0
2018-03956,1,0,1,0,1,1,1,1,1,0,0
2018-02958,1,0,1,0,1,0,1,0,1,0,0
2018-02182,1,0,1,1,1,0,1,1,1,1,0
2018-01009,1,1,1,1,1,0,0,1,1,0,0
2018-01507,0,0,1,1,1,1,1,0,1,0,0
2018-00620,1,0,1,0,1,0,0,1,1,0,0
2018-00541,1,1,1,0,1,1,1,1,1,0,0
2018-00448,0,1,1,0,1,1,1,0,1,1,0
2018-01214,1,1,0,1,1,0,1,0,1,0,0
2018-01135,0,1,0,0,1,0,1,1,1,0,0
2018-02021,1,1,1,0,0,1,1,0,1,0,0
2018-02231,1,1,1,1,1,1,1,0,1,0,0
2018-03832,0,0,1,0,1,1,1,0,1,0,0
2018-03308,1,0,1,0,1,0,0,0,1,0,0
2018-00714,0,1,1,1,1,0,1,1,1,0,0
2018-00451,1,0,0,1,1,0,1,0,0,0,0
2018-04371,1,1,1,1,1,0,1,0,1,0,0
2018-01975,1,0,1,1,0,1,1,1,1,0,0
2018-02666,1,1,1,0,0,0,1,0,1,0,0
2018-01998,1,1,1,1,1,0,1,1,1,1,0
2018-04258,1,1,1,0,1,0,1,0,1,1,0
2018-04060,1,0,1,1,1,1,1,0,1,0,0
2018-03598,0,1,0,1,1,1,1,1,0,1,0
2018-02067,1,1,1,0,1,1,1,1,1,1,0
2018-03795,1,1,1,0,1,1,1,0,1,0,0
2018-02920,1,0,1,0,1,1,1,0,1,1,0
2018-01691,0,1,0,0,1,1,1,0,1,0,0
2018-01579,1,0,0,1,1,1,1,1,1,0,0
2018-00290,1,0,0,0,1,0,1,1,0,0,0
2018-03609,1,0,1,1,1,1,1,0,1,1,0
2018-03871,1,1,1,1,1,1,1,0,1,0,0
2018-03441,0,1,1,1,1,0,0,0,0,0,0
2018-02350,0,1,1,1,1,1,1,1,1,1,0
2018-00652,1,1,1,0,1,1,0,1,0,0,0
2018-02033,1,1,1,0,1,1,1,0,1,0,0
2018-01084,1,0,1,0,1,0,1,0,1,0,0
2018-02268,0,1,1,0,1,0,1,0,0,0,0
2018-03908,1,1,1,0,0,0,1,0,0,0,0
2018-03152,0,0,1,1,1,1,1,1,1,1,0
2018-02154,1,0,1,1,1,0,1,1,1,0,0
2018-04292,1,0,1,0,1,0,1,0,0,0,0
2018-02543,1,0,1,1,1,1,1,1,1,0,0
2018-03203,1,1,1,0,1,1,0,1,1,0,0
2018-00108,0,1,1,1,1,1,1,0,1,1,0
2018-00649,1,0,1,1,0,0,1,0,0,1,0
2018-04267,0,1,1,0,1,0,1,1,0,0,0
2018-02861,1,1,1,0,1,1,0,0,0,1,0
2018-02747,1,1,1,0,1,0,1,0,0,1,0
2018-03969,1,0,0,0,1,1,1,0,1,0,0
2018-02898,1,0,1,1,1,0,0,0,1,0,0
2018-00347,1,1,1,0,1,0,0,0,1,0,0
2018-02006,1,0,1,1,0,1,1,0,1,0,0
2018-03582,0,1,1,1,1,1,1,0,0,0,0
2018-04153,1,0,1,1,1,0,0,1,1,0,0
2018-03514,1,1,1,0,1,1,1,0,0,0,0
2018-01946,1,1,1,0,1,0,0,1,1,0,0
2018-01550,1,1,1,1,0,1,1,1,1,0,0
2018-01122,1,1,1,0,0,0,1,0,0,0,0
2018-02065,0,1,1,1,1,1,0,1,1,0,0
2018-02042,0,1,1,0,1,1,1,0,0,0,0
2018-04324,0,0,1,1,1,0,1,0,1,1,0
2018-03981,1,1,0,0,1,0,1,0,1,0,0
2018-00739,1,1,1,1,1,1,1,0,1,0,0
2018-03004,1,0,1,0,1,0,0,1,0,1,0
2018-00083,1,1,1,1,0,1,1,0,1,0,0
2018-00068,1,1,1,0,1,0,1,0,1,1,0
2018-03671,1,1,1,0,1,1,1,0,1,0,0
2018-03139,1,0,1,0,1,1,0,0,1,0,0
2018-00409,1,1,1,1,1,1,1,1,1,1,1
2018-01902,1,1,1,1,1,1,1,1,1,0,0
2018-00106,1,0,0,1,1,1,1,0,1,0,0
2018-04184,1,0,0,0,1,0,1,0,1,1,0
2018-01651,1,0,1,0,0,0,1,0,0,0,0
2018-00427,1,1,0,1,1,0,0,0,1,1,0
2018-01954,1,0,1,0,1,0,1,0,1,0,0
2018-03192,0,0,1,0,1,1,1,1,1,0,0
2018-03385,1,1,1,0,1,1,1,0,1,0,0
2018-01450,1,1,1,1,0,0,0,1,1,0,0
2018-03347,0,0,1,0,1,0,1,1,1,1,0
2018-03950,1,1,0,0,1,0,1,0,0,0,0
2018-03521,1,0,1,1,1,0,1,0,1,0,0
2018-01147,1,0,1,0,1,0,1,1,1,0,0
2018-01453,1,1,0,0,1,1,1,1,1,0,0
2018-01886,1,0,0,1,1,0,1,1,0,0,0
2018-01133,1,0,1,1,1,0,1,0,1,0,0
2018-02145,1,0,1,1,1,0,1,1,1,1,0
2018-00965,0,0,0,1,1,0,1,1,0,0,0
2018-02940,0,0,1,1,1,1,1,1,1,0,1
2018-02528,0,1,1,1,1,0,1,0,1,0,1
2018-03614,1,0,1,0,1,0,1,0,0,0,0
2018-04199,1,1,1,0,0,0,1,0,1,0,0
2018-00634,1,0,1,1,0,1,1,0,0,0,0
2018-00383,1,1,0,0,1,1,1,0,1,0,0
2018-01215,1,1,1,1,1,1,1,0,1,1,1
2018-02926,1,1,1,1,0,0,0,1,1,0,1
2018-03088,1,1,1,1,0,1,1,1,1,1,0
2018-00973,1,1,1,1,1,1,1,0,1,0,0
2018-00548,1,1,1,1,0,0,1,1,1,0,0
2018-01114,1,1,0,1,0,0,1,1,1,0,0
2018-01115,1,1,1,0,0,0,1,0,1,0,0
2018-01990,1,0,1,0,1,1,1,1,1,1,0
2018-03433,1,1,0,1,1,0,1,1,1,0,0
2018-01348,1,1,1,1,1,1,0,0,1,0,0
2018-03292,0,1,0,0,1,1,1,0,1,0,0
2018-02273,1,0,1,1,1,0,1,0,1,0,0
2018-04022,1,1,1,1,1,1,1,0,0,0,0
2018-03685,1,1,1,1,1,1,1,0,1,0,0
2018-00128,1,0,1,0,0,0,1,0,1,0,0
2018-01692,1,0,0,1,1,0,0,1,1,0,0
2018-04172,1,1,1,1,1,1,0,1,1,0,0
2018-00732,0,1,0,0,1,1,1,0,1,1,0
2018-01311,0,1,1,0,1,0,1,0,0,0,0
2018-04233,1,1,1,0,1,0,1,0,1,0,0
2018-01762,1,0,1,1,1,0,1,1,1,1,0
2018-02441,1,1,1,0,1,0,1,0,1,0,1
2018-02256,1,0,1,1,1,1,0,0,1,0,0
2018-03474,1,0,1,0,1,0,0,0,1,0,0
2018-00259,1,0,1,1,1,0,1,0,1,0,0
2018-01208,1,1,1,0,1,1,1,0,1,0,0
2018-03706,1,0,0,1,1,1,1,0,0,0,0
2018-03587,0,1,0,1,1,1,1,1,1,0,0
2018-01653,1,0,1,0,1,0,1,0,1,0,0
2018-01230,1,1,1,0,0,1,0,0,1,0,0
2018-03744,1,0,1,1,1,0,1,0,1,0,0
2018-04287,1,1,1,1,1,1,1,1,1,1,0
2018-03537,1,0,0,1,1,0,1,0,1,0,0
2018-01933,0,1,0,0,1,1,1,0,1,0,0
2018-02436,0,1,1,1,1,1,1,1,1,0,0
2018-04099,0,1,0,0,1,1,1,0,1,0,0
2018-01145,1,1,1,1,1,0,1,1,1,0,0
2018-03841,1,1,1,1,0,0,0,0,1,1,0
2018-03395,0,1,1,1,0,1,1,0,1,1,0
2018-03995,1,1,1,0,1,0,1,0,1,0,0
2018-04167,0,0,1,1,1,0,1,1,1,0,0
2018-04211,1,1,1,1,0,0,0,1,1,0,0
2018-00671,1,1,1,1,1,1,1,0,1,0,0
2018-00287,1,1,1,0,1,0,1,1,1,1,0
2018-04275,1,0,1,1,1,1,1,1,1,0,0
2018-02838,1,1,1,0,0,1,1,1,1,0,0
2018-00707,1,0,1,0,1,0,1,0,1,0,0
2018-02340,1,0,1,1,1,0,1,0,1,0,0
2018-00205,1,1,1,1,1,0,1,1,1,1,0
2018-02053,1,0,0,1,1,1,1,0,1,1,1
2018-04237,1,0,1,0,0,0,0,1,1,0,0
2018-02247,1,0,0,1,1,1,1,0,1,1,0
2018-02676,1,1,1,1,1,0,1,0,1,1,0
2018-04010,0,1,0,0,1,0,1,0,1,0,0
2018-01949,1,1,1,1,1,0,1,1,1,1,0
2018-02405,1,1,1,1,1,0,1,1,1,0,0
2018-01862,1,1,1,0,1,0,0,1,1,0,0
2018-03848,1,1,1,1,0,0,0,0,1,0,0
2018-00416,1,0,1,0,1,0,1,0,1,0,0
2018-03717,1,1,1,0,1,0,1,0,1,0,0
2018-03504,1,0,1,1,1,0,1,0,0,0,0
2018-00115,1,1,1,0,1,1,1,0,1,1,0
